-6.015472389999999558e-01
-6.010589577499999558e-01
-6.005706764999999558e-01
-6.000823952499999558e-01
-5.995941139999999558e-01
-5.991058327499999558e-01
-5.986175514999999558e-01
-5.981292702499999558e-01
-5.976409889999999558e-01
-5.971527077499999558e-01
-5.966644264999999558e-01
-5.961761452499999558e-01
-5.956878639999999558e-01
-5.951995827499999558e-01
-5.947113014999999558e-01
-5.942230202499999558e-01
-5.937347389999999558e-01
-5.932464577499999558e-01
-5.927581764999999558e-01
-5.922698952499999558e-01
-5.917816139999999558e-01
-5.912933327499999558e-01
-5.908050514999999558e-01
-5.903167702499999558e-01
-5.898284889999999558e-01
-5.893402077499999558e-01
-5.888519264999999558e-01
-5.883636452499999558e-01
-5.878753639999999558e-01
-5.873870827499999558e-01
-5.868988014999999558e-01
-5.864105202499999558e-01
-5.859222389999999558e-01
-5.854339577499999558e-01
-5.849456764999999558e-01
-5.844573952499999558e-01
-5.839691139999999558e-01
-5.834808327499999558e-01
-5.829925514999999558e-01
-5.825042702499999558e-01
-5.820159889999999558e-01
-5.815277077499999558e-01
-5.810394264999999558e-01
-5.805511452499999558e-01
-5.800628639999999558e-01
-5.795745827499999558e-01
-5.790863014999999558e-01
-5.785980202499999558e-01
-5.781097389999999558e-01
-5.776214577499999558e-01
-5.771331764999999558e-01
-5.766448952499999558e-01
-5.761566139999999558e-01
-5.756683327499999558e-01
-5.751800514999999558e-01
-5.746917702499999558e-01
-5.742034889999999558e-01
-5.737152077499999558e-01
-5.732269264999999558e-01
-5.727386452499999558e-01
-5.722503639999999558e-01
-5.717620827499999558e-01
-5.712738014999999558e-01
-5.707855202499999558e-01
-5.702972389999999558e-01
-5.698089577499999558e-01
-5.693206764999999558e-01
-5.688323952499999558e-01
-5.683441139999999558e-01
-5.678558327499999558e-01
-5.673675514999999558e-01
-5.668792702499999558e-01
-5.663909889999999558e-01
-5.659027077499999558e-01
-5.654144264999999558e-01
-5.649261452499999558e-01
-5.644378639999999558e-01
-5.639495827499999558e-01
-5.634613014999999558e-01
-5.629730202499999558e-01
-5.624847389999999558e-01
-5.619964577499999558e-01
-5.615081764999999558e-01
-5.610198952499999558e-01
-5.605316139999999558e-01
-5.600433327499999558e-01
-5.595550514999999558e-01
-5.590667702499999558e-01
-5.585784889999999558e-01
-5.580902077499999558e-01
-5.576019264999999558e-01
-5.571136452499999558e-01
-5.566253639999999558e-01
-5.561370827499999558e-01
-5.556488014999999558e-01
-5.551605202499999558e-01
-5.546722389999999558e-01
-5.541839577499999558e-01
-5.536956764999999558e-01
-5.532073952499999558e-01
-5.527191139999999558e-01
-5.522308327499999558e-01
-5.517425514999999558e-01
-5.512542702499999558e-01
-5.507659889999999558e-01
-5.502777077499999558e-01
-5.497894264999999558e-01
-5.493011452499999558e-01
-5.488128639999999558e-01
-5.483245827499999558e-01
-5.478363014999999558e-01
-5.473480202499999558e-01
-5.468597389999999558e-01
-5.463714577499999558e-01
-5.458831764999999558e-01
-5.453948952499999558e-01
-5.449066139999999558e-01
-5.444183327499999558e-01
-5.439300514999999558e-01
-5.434417702499999558e-01
-5.429534889999999558e-01
-5.424652077499999558e-01
-5.419769264999999558e-01
-5.414886452499999558e-01
-5.410003639999999558e-01
-5.405120827499999558e-01
-5.400238014999999558e-01
-5.395355202499999558e-01
-5.390472389999999558e-01
-5.385589577499999558e-01
-5.380706764999999558e-01
-5.375823952499999558e-01
-5.370941139999999558e-01
-5.366058327499999558e-01
-5.361175514999999558e-01
-5.356292702499999558e-01
-5.351409889999999558e-01
-5.346527077499999558e-01
-5.341644264999999558e-01
-5.336761452499999558e-01
-5.331878639999999558e-01
-5.326995827499999558e-01
-5.322113014999999558e-01
-5.317230202499999558e-01
-5.312347389999999558e-01
-5.307464577499999558e-01
-5.302581764999999558e-01
-5.297698952499999558e-01
-5.292816139999999558e-01
-5.287933327499999558e-01
-5.283050514999999558e-01
-5.278167702499999558e-01
-5.273284889999999558e-01
-5.268402077499999558e-01
-5.263519264999999558e-01
-5.258636452499999558e-01
-5.253753639999999558e-01
-5.248870827499999558e-01
-5.243988014999999558e-01
-5.239105202499999558e-01
-5.234222389999999558e-01
-5.229339577499999558e-01
-5.224456764999999558e-01
-5.219573952499999558e-01
-5.214691139999999558e-01
-5.209808327499999558e-01
-5.204925514999999558e-01
-5.200042702499999558e-01
-5.195159889999999558e-01
-5.190277077499999558e-01
-5.185394264999999558e-01
-5.180511452499999558e-01
-5.175628639999999558e-01
-5.170745827499999558e-01
-5.165863014999999558e-01
-5.160980202499999558e-01
-5.156097389999999558e-01
-5.151214577499999558e-01
-5.146331764999999558e-01
-5.141448952499999558e-01
-5.136566139999999558e-01
-5.131683327499999558e-01
-5.126800514999999558e-01
-5.121917702499999558e-01
-5.117034889999999558e-01
-5.112152077499999558e-01
-5.107269264999999558e-01
-5.102386452499999558e-01
-5.097503639999999558e-01
-5.092620827499999558e-01
-5.087738014999999558e-01
-5.082855202499999558e-01
-5.077972389999999558e-01
-5.073089577499999558e-01
-5.068206764999999558e-01
-5.063323952499999558e-01
-5.058441139999999558e-01
-5.053558327499999558e-01
-5.048675514999999558e-01
-5.043792702499999558e-01
-5.038909889999999558e-01
-5.034027077499999558e-01
-5.029144264999999558e-01
-5.024261452499999558e-01
-5.019378639999999558e-01
-5.014495827499999558e-01
-5.009613014999999558e-01
-5.004730202499999558e-01
-4.999847389999999558e-01
-4.994964577499999558e-01
-4.990081764999999558e-01
-4.985198952499999558e-01
-4.980316139999999558e-01
-4.975433327499999558e-01
-4.970550514999999558e-01
-4.965667702499999558e-01
-4.960784889999999558e-01
-4.955902077499999558e-01
-4.951019264999999558e-01
-4.946136452499999558e-01
-4.941253639999999558e-01
-4.936370827499999558e-01
-4.931488014999999558e-01
-4.926605202499999558e-01
-4.921722389999999558e-01
-4.916839577499999558e-01
-4.911956764999999558e-01
-4.907073952499999558e-01
-4.902191139999999558e-01
-4.897308327499999558e-01
-4.892425514999999558e-01
-4.887542702499999558e-01
-4.882659889999999558e-01
-4.877777077499999558e-01
-4.872894264999999558e-01
-4.868011452499999558e-01
-4.863128639999999558e-01
-4.858245827499999558e-01
-4.853363014999999558e-01
-4.848480202499999558e-01
-4.843597389999999558e-01
-4.838714577499999558e-01
-4.833831764999999558e-01
-4.828948952499999558e-01
-4.824066139999999558e-01
-4.819183327499999558e-01
-4.814300514999999558e-01
-4.809417702499999558e-01
-4.804534889999999558e-01
-4.799652077499999558e-01
-4.794769264999999558e-01
-4.789886452499999558e-01
-4.785003639999999558e-01
-4.780120827499999558e-01
-4.775238014999999558e-01
-4.770355202499999558e-01
-4.765472389999999558e-01
-4.760589577499999558e-01
-4.755706764999999558e-01
-4.750823952499999558e-01
-4.745941139999999558e-01
-4.741058327499999558e-01
-4.736175514999999558e-01
-4.731292702499999558e-01
-4.726409889999999558e-01
-4.721527077499999558e-01
-4.716644264999999558e-01
-4.711761452499999558e-01
-4.706878639999999558e-01
-4.701995827499999558e-01
-4.697113014999999558e-01
-4.692230202499999558e-01
-4.687347389999999558e-01
-4.682464577499999558e-01
-4.677581764999999558e-01
-4.672698952499999558e-01
-4.667816139999999558e-01
-4.662933327499999558e-01
-4.658050514999999558e-01
-4.653167702499999558e-01
-4.648284889999999558e-01
-4.643402077499999558e-01
-4.638519264999999558e-01
-4.633636452499999558e-01
-4.628753639999999558e-01
-4.623870827499999558e-01
-4.618988014999999558e-01
-4.614105202499999558e-01
-4.609222389999999558e-01
-4.604339577499999558e-01
-4.599456764999999558e-01
-4.594573952499999558e-01
-4.589691139999999558e-01
-4.584808327499999558e-01
-4.579925514999999558e-01
-4.575042702499999558e-01
-4.570159889999999558e-01
-4.565277077499999558e-01
-4.560394264999999558e-01
-4.555511452499999558e-01
-4.550628639999999558e-01
-4.545745827499999558e-01
-4.540863014999999558e-01
-4.535980202499999558e-01
-4.531097389999999558e-01
-4.526214577499999558e-01
-4.521331764999999558e-01
-4.516448952499999558e-01
-4.511566139999999558e-01
-4.506683327499999558e-01
-4.501800514999999558e-01
-4.496917702499999558e-01
-4.492034889999999558e-01
-4.487152077499999558e-01
-4.482269264999999558e-01
-4.477386452499999558e-01
-4.472503639999999558e-01
-4.467620827499999558e-01
-4.462738014999999558e-01
-4.457855202499999558e-01
-4.452972389999999558e-01
-4.448089577499999558e-01
-4.443206764999999558e-01
-4.438323952499999558e-01
-4.433441139999999558e-01
-4.428558327499999558e-01
-4.423675514999999558e-01
-4.418792702499999558e-01
-4.413909889999999558e-01
-4.409027077499999558e-01
-4.404144264999999558e-01
-4.399261452499999558e-01
-4.394378639999999558e-01
-4.389495827499999558e-01
-4.384613014999999558e-01
-4.379730202499999558e-01
-4.374847389999999558e-01
-4.369964577499999558e-01
-4.365081764999999558e-01
-4.360198952499999558e-01
-4.355316139999999558e-01
-4.350433327499999558e-01
-4.345550514999999558e-01
-4.340667702499999558e-01
-4.335784889999999558e-01
-4.330902077499999558e-01
-4.326019264999999558e-01
-4.321136452499999558e-01
-4.316253639999999558e-01
-4.311370827499999558e-01
-4.306488014999999558e-01
-4.301605202499999558e-01
-4.296722389999999558e-01
-4.291839577499999558e-01
-4.286956764999999558e-01
-4.282073952499999558e-01
-4.277191139999999558e-01
-4.272308327499999558e-01
-4.267425514999999558e-01
-4.262542702499999558e-01
-4.257659889999999558e-01
-4.252777077499999558e-01
-4.247894264999999558e-01
-4.243011452499999558e-01
-4.238128639999999558e-01
-4.233245827499999558e-01
-4.228363014999999558e-01
-4.223480202499999558e-01
-4.218597389999999558e-01
-4.213714577499999558e-01
-4.208831764999999558e-01
-4.203948952499999558e-01
-4.199066139999999558e-01
-4.194183327499999558e-01
-4.189300514999999558e-01
-4.184417702499999558e-01
-4.179534889999999558e-01
-4.174652077499999558e-01
-4.169769264999999558e-01
-4.164886452499999558e-01
-4.160003639999999558e-01
-4.155120827499999558e-01
-4.150238014999999558e-01
-4.145355202499999558e-01
-4.140472389999999558e-01
-4.135589577499999558e-01
-4.130706764999999558e-01
-4.125823952499999558e-01
-4.120941139999999558e-01
-4.116058327499999558e-01
-4.111175514999999558e-01
-4.106292702499999558e-01
-4.101409889999999558e-01
-4.096527077499999558e-01
-4.091644264999999558e-01
-4.086761452499999558e-01
-4.081878639999999558e-01
-4.076995827499999558e-01
-4.072113014999999558e-01
-4.067230202499999558e-01
-4.062347389999999558e-01
-4.057464577499999558e-01
-4.052581764999999558e-01
-4.047698952499999558e-01
-4.042816139999999558e-01
-4.037933327499999558e-01
-4.033050514999999558e-01
-4.028167702499999558e-01
-4.023284889999999558e-01
-4.018402077499999558e-01
-4.013519264999999558e-01
-4.008636452499999558e-01
-4.003753639999999558e-01
-3.998870827499999558e-01
-3.993988014999999558e-01
-3.989105202499999558e-01
-3.984222389999999558e-01
-3.979339577499999558e-01
-3.974456764999999558e-01
-3.969573952499999558e-01
-3.964691139999999558e-01
-3.959808327499999558e-01
-3.954925514999999558e-01
-3.950042702499999558e-01
-3.945159889999999558e-01
-3.940277077499999558e-01
-3.935394264999999558e-01
-3.930511452499999558e-01
-3.925628639999999558e-01
-3.920745827499999558e-01
-3.915863014999999558e-01
-3.910980202499999558e-01
-3.906097389999999558e-01
-3.901214577499999558e-01
-3.896331764999999558e-01
-3.891448952499999558e-01
-3.886566139999999558e-01
-3.881683327499999558e-01
-3.876800514999999558e-01
-3.871917702499999558e-01
-3.867034889999999558e-01
-3.862152077499999558e-01
-3.857269264999999558e-01
-3.852386452499999558e-01
-3.847503639999999558e-01
-3.842620827499999558e-01
-3.837738014999999558e-01
-3.832855202499999558e-01
-3.827972389999999558e-01
-3.823089577499999558e-01
-3.818206764999999558e-01
-3.813323952499999558e-01
-3.808441139999999558e-01
-3.803558327499999558e-01
-3.798675514999999558e-01
-3.793792702499999558e-01
-3.788909889999999558e-01
-3.784027077499999558e-01
-3.779144264999999558e-01
-3.774261452499999558e-01
-3.769378639999999558e-01
-3.764495827499999558e-01
-3.759613014999999558e-01
-3.754730202499999558e-01
-3.749847389999999558e-01
-3.744964577499999558e-01
-3.740081764999999558e-01
-3.735198952499999558e-01
-3.730316139999999558e-01
-3.725433327499999558e-01
-3.720550514999999558e-01
-3.715667702499999558e-01
-3.710784889999999558e-01
-3.705902077499999558e-01
-3.701019264999999558e-01
-3.696136452499999558e-01
-3.691253639999999558e-01
-3.686370827499999558e-01
-3.681488014999999558e-01
-3.676605202499999558e-01
-3.671722389999999558e-01
-3.666839577499999558e-01
-3.661956764999999558e-01
-3.657073952499999558e-01
-3.652191139999999558e-01
-3.647308327499999558e-01
-3.642425514999999558e-01
-3.637542702499999558e-01
-3.632659889999999558e-01
-3.627777077499999558e-01
-3.622894264999999558e-01
-3.618011452499999558e-01
-3.613128639999999558e-01
-3.608245827499999558e-01
-3.603363014999999558e-01
-3.598480202499999558e-01
-3.593597389999999558e-01
-3.588714577499999558e-01
-3.583831764999999558e-01
-3.578948952499999558e-01
-3.574066139999999558e-01
-3.569183327499999558e-01
-3.564300514999999558e-01
-3.559417702499999558e-01
-3.554534889999999558e-01
-3.549652077499999558e-01
-3.544769264999999558e-01
-3.539886452499999558e-01
-3.535003639999999558e-01
-3.530120827499999558e-01
-3.525238014999999558e-01
-3.520355202499999558e-01
-3.515472389999999558e-01
-3.510589577499999558e-01
-3.505706764999999558e-01
-3.500823952499999558e-01
-3.495941139999999558e-01
-3.491058327499999558e-01
-3.486175514999999558e-01
-3.481292702499999558e-01
-3.476409889999999558e-01
-3.471527077499999558e-01
-3.466644264999999558e-01
-3.461761452499999558e-01
-3.456878639999999558e-01
-3.451995827499999558e-01
-3.447113014999999558e-01
-3.442230202499999558e-01
-3.437347389999999558e-01
-3.432464577499999558e-01
-3.427581764999999558e-01
-3.422698952499999558e-01
-3.417816139999999558e-01
-3.412933327499999558e-01
-3.408050514999999558e-01
-3.403167702499999558e-01
-3.398284889999999558e-01
-3.393402077499999558e-01
-3.388519264999999558e-01
-3.383636452499999558e-01
-3.378753639999999558e-01
-3.373870827499999558e-01
-3.368988014999999558e-01
-3.364105202499999558e-01
-3.359222389999999558e-01
-3.354339577499999558e-01
-3.349456764999999558e-01
-3.344573952499999558e-01
-3.339691139999999558e-01
-3.334808327499999558e-01
-3.329925514999999558e-01
-3.325042702499999558e-01
-3.320159889999999558e-01
-3.315277077499999558e-01
-3.310394264999999558e-01
-3.305511452499999558e-01
-3.300628639999999558e-01
-3.295745827499999558e-01
-3.290863014999999558e-01
-3.285980202499999558e-01
-3.281097389999999558e-01
-3.276214577499999558e-01
-3.271331764999999558e-01
-3.266448952499999558e-01
-3.261566139999999558e-01
-3.256683327499999558e-01
-3.251800514999999558e-01
-3.246917702499999558e-01
-3.242034889999999558e-01
-3.237152077499999558e-01
-3.232269264999999558e-01
-3.227386452499999558e-01
-3.222503639999999558e-01
-3.217620827499999558e-01
-3.212738014999999558e-01
-3.207855202499999558e-01
-3.202972389999999558e-01
-3.198089577499999558e-01
-3.193206764999999558e-01
-3.188323952499999558e-01
-3.183441139999999558e-01
-3.178558327499999558e-01
-3.173675514999999558e-01
-3.168792702499999558e-01
-3.163909889999999558e-01
-3.159027077499999558e-01
-3.154144264999999558e-01
-3.149261452499999558e-01
-3.144378639999999558e-01
-3.139495827499999558e-01
-3.134613014999999558e-01
-3.129730202499999558e-01
-3.124847389999999558e-01
-3.119964577499999558e-01
-3.115081764999999558e-01
-3.110198952499999558e-01
-3.105316139999999558e-01
-3.100433327499999558e-01
-3.095550514999999558e-01
-3.090667702499999558e-01
-3.085784889999999558e-01
-3.080902077499999558e-01
-3.076019264999999558e-01
-3.071136452499999558e-01
-3.066253639999999558e-01
-3.061370827499999558e-01
-3.056488014999999558e-01
-3.051605202499999558e-01
-3.046722389999999558e-01
-3.041839577499999558e-01
-3.036956764999999558e-01
-3.032073952499999558e-01
-3.027191139999999558e-01
-3.022308327499999558e-01
-3.017425514999999558e-01
-3.012542702499999558e-01
-3.007659889999999558e-01
-3.002777077499999558e-01
-2.997894264999999558e-01
-2.993011452499999558e-01
-2.988128639999999558e-01
-2.983245827499999558e-01
-2.978363014999999558e-01
-2.973480202499999558e-01
-2.968597389999999558e-01
-2.963714577499999558e-01
-2.958831764999999558e-01
-2.953948952499999558e-01
-2.949066139999999558e-01
-2.944183327499999558e-01
-2.939300514999999558e-01
-2.934417702499999558e-01
-2.929534889999999558e-01
-2.924652077499999558e-01
-2.919769264999999558e-01
-2.914886452499999558e-01
-2.910003639999999558e-01
-2.905120827499999558e-01
-2.900238014999999558e-01
-2.895355202499999558e-01
-2.890472389999999558e-01
-2.885589577499999558e-01
-2.880706764999999558e-01
-2.875823952499999558e-01
-2.870941139999999558e-01
-2.866058327499999558e-01
-2.861175514999999558e-01
-2.856292702499999558e-01
-2.851409889999999558e-01
-2.846527077499999558e-01
-2.841644264999999558e-01
-2.836761452499999558e-01
-2.831878639999999558e-01
-2.826995827499999558e-01
-2.822113014999999558e-01
-2.817230202499999558e-01
-2.812347389999999558e-01
-2.807464577499999558e-01
-2.802581764999999558e-01
-2.797698952499999558e-01
-2.792816139999999558e-01
-2.787933327499999558e-01
-2.783050514999999558e-01
-2.778167702499999558e-01
-2.773284889999999558e-01
-2.768402077499999558e-01
-2.763519264999999558e-01
-2.758636452499999558e-01
-2.753753639999999558e-01
-2.748870827499999558e-01
-2.743988014999999558e-01
-2.739105202499999558e-01
-2.734222389999999558e-01
-2.729339577499999558e-01
-2.724456764999999558e-01
-2.719573952499999558e-01
-2.714691139999999558e-01
-2.709808327499999558e-01
-2.704925514999999558e-01
-2.700042702499999558e-01
-2.695159889999999558e-01
-2.690277077499999558e-01
-2.685394264999999558e-01
-2.680511452499999558e-01
-2.675628639999999558e-01
-2.670745827499999558e-01
-2.665863014999999558e-01
-2.660980202499999558e-01
-2.656097389999999558e-01
-2.651214577499999558e-01
-2.646331764999999558e-01
-2.641448952499999558e-01
-2.636566139999999558e-01
-2.631683327499999558e-01
-2.626800514999999558e-01
-2.621917702499999558e-01
-2.617034889999999558e-01
-2.612152077499999558e-01
-2.607269264999999558e-01
-2.602386452499999558e-01
-2.597503639999999558e-01
-2.592620827499999558e-01
-2.587738014999999558e-01
-2.582855202499999558e-01
-2.577972389999999558e-01
-2.573089577499999558e-01
-2.568206764999999558e-01
-2.563323952499999558e-01
-2.558441139999999558e-01
-2.553558327499999558e-01
-2.548675514999999558e-01
-2.543792702499999558e-01
-2.538909889999999558e-01
-2.534027077499999558e-01
-2.529144264999999558e-01
-2.524261452499999558e-01
-2.519378639999999558e-01
-2.514495827499999558e-01
-2.509613014999999558e-01
-2.504730202499999558e-01
-2.499847389999999558e-01
-2.494964577499999558e-01
-2.490081764999999558e-01
-2.485198952499999558e-01
-2.480316139999999558e-01
-2.475433327499999558e-01
-2.470550514999999558e-01
-2.465667702499999558e-01
-2.460784889999999558e-01
-2.455902077499999558e-01
-2.451019264999999558e-01
-2.446136452499999558e-01
-2.441253639999999558e-01
-2.436370827499999558e-01
-2.431488014999999558e-01
-2.426605202499999558e-01
-2.421722389999999558e-01
-2.416839577499999558e-01
-2.411956764999999558e-01
-2.407073952499999558e-01
-2.402191139999999558e-01
-2.397308327499999558e-01
-2.392425514999999558e-01
-2.387542702499999558e-01
-2.382659889999999558e-01
-2.377777077499999558e-01
-2.372894264999999558e-01
-2.368011452499999558e-01
-2.363128639999999558e-01
-2.358245827499999558e-01
-2.353363014999999558e-01
-2.348480202499999558e-01
-2.343597389999999558e-01
-2.338714577499999558e-01
-2.333831764999999558e-01
-2.328948952499999558e-01
-2.324066139999999558e-01
-2.319183327499999558e-01
-2.314300514999999558e-01
-2.309417702499999558e-01
-2.304534889999999558e-01
-2.299652077499999558e-01
-2.294769264999999558e-01
-2.289886452499999558e-01
-2.285003639999999558e-01
-2.280120827499999558e-01
-2.275238014999999558e-01
-2.270355202499999558e-01
-2.265472389999999558e-01
-2.260589577499999558e-01
-2.255706764999999558e-01
-2.250823952499999558e-01
-2.245941139999999558e-01
-2.241058327499999558e-01
-2.236175514999999558e-01
-2.231292702499999558e-01
-2.226409889999999558e-01
-2.221527077499999558e-01
-2.216644264999999558e-01
-2.211761452499999558e-01
-2.206878639999999558e-01
-2.201995827499999558e-01
-2.197113014999999558e-01
-2.192230202499999558e-01
-2.187347389999999558e-01
-2.182464577499999558e-01
-2.177581764999999558e-01
-2.172698952499999558e-01
-2.167816139999999558e-01
-2.162933327499999558e-01
-2.158050514999999558e-01
-2.153167702499999558e-01
-2.148284889999999558e-01
-2.143402077499999558e-01
-2.138519264999999558e-01
-2.133636452499999558e-01
-2.128753639999999558e-01
-2.123870827499999558e-01
-2.118988014999999558e-01
-2.114105202499999558e-01
-2.109222389999999558e-01
-2.104339577499999558e-01
-2.099456764999999558e-01
-2.094573952499999558e-01
-2.089691139999999558e-01
-2.084808327499999558e-01
-2.079925514999999558e-01
-2.075042702499999558e-01
-2.070159889999999558e-01
-2.065277077499999558e-01
-2.060394264999999558e-01
-2.055511452499999558e-01
-2.050628639999999558e-01
-2.045745827499999558e-01
-2.040863014999999558e-01
-2.035980202499999558e-01
-2.031097389999999558e-01
-2.026214577499999558e-01
-2.021331764999999558e-01
-2.016448952499999558e-01
-2.011566139999999558e-01
-2.006683327499999558e-01
-2.001800514999999558e-01
-1.996917702499999558e-01
-1.992034889999999558e-01
-1.987152077499999558e-01
-1.982269264999999558e-01
-1.977386452499999558e-01
-1.972503639999999558e-01
-1.967620827499999558e-01
-1.962738014999999558e-01
-1.957855202499999558e-01
-1.952972389999999558e-01
-1.948089577499999558e-01
-1.943206764999999558e-01
-1.938323952499999558e-01
-1.933441139999999558e-01
-1.928558327499999558e-01
-1.923675514999999558e-01
-1.918792702499999558e-01
-1.913909889999999558e-01
-1.909027077499999558e-01
-1.904144264999999558e-01
-1.899261452499999558e-01
-1.894378639999999558e-01
-1.889495827499999558e-01
-1.884613014999999558e-01
-1.879730202499999558e-01
-1.874847389999999558e-01
-1.869964577499999558e-01
-1.865081764999999558e-01
-1.860198952499999558e-01
-1.855316139999999558e-01
-1.850433327499999558e-01
-1.845550514999999558e-01
-1.840667702499999558e-01
-1.835784889999999558e-01
-1.830902077499999558e-01
-1.826019264999999558e-01
-1.821136452499999558e-01
-1.816253639999999558e-01
-1.811370827499999558e-01
-1.806488014999999558e-01
-1.801605202499999558e-01
-1.796722389999999558e-01
-1.791839577499999558e-01
-1.786956764999999558e-01
-1.782073952499999558e-01
-1.777191139999999558e-01
-1.772308327499999558e-01
-1.767425514999999558e-01
-1.762542702499999558e-01
-1.757659889999999558e-01
-1.752777077499999558e-01
-1.747894264999999558e-01
-1.743011452499999558e-01
-1.738128639999999558e-01
-1.733245827499999558e-01
-1.728363014999999558e-01
-1.723480202499999558e-01
-1.718597389999999558e-01
-1.713714577499999558e-01
-1.708831764999999558e-01
-1.703948952499999558e-01
-1.699066139999999558e-01
-1.694183327499999558e-01
-1.689300514999999558e-01
-1.684417702499999558e-01
-1.679534889999999558e-01
-1.674652077499999558e-01
-1.669769264999999558e-01
-1.664886452499999558e-01
-1.660003639999999558e-01
-1.655120827499999558e-01
-1.650238014999999558e-01
-1.645355202499999558e-01
-1.640472389999999558e-01
-1.635589577499999558e-01
-1.630706764999999558e-01
-1.625823952499999558e-01
-1.620941139999999558e-01
-1.616058327499999558e-01
-1.611175514999999558e-01
-1.606292702499999558e-01
-1.601409889999999558e-01
-1.596527077499999558e-01
-1.591644264999999558e-01
-1.586761452499999558e-01
-1.581878639999999558e-01
-1.576995827499999558e-01
-1.572113014999999558e-01
-1.567230202499999558e-01
-1.562347389999999558e-01
-1.557464577499999558e-01
-1.552581764999999558e-01
-1.547698952499999558e-01
-1.542816139999999558e-01
-1.537933327499999558e-01
-1.533050514999999558e-01
-1.528167702499999558e-01
-1.523284889999999558e-01
-1.518402077499999558e-01
-1.513519264999999558e-01
-1.508636452499999558e-01
-1.503753639999999558e-01
-1.498870827499999558e-01
-1.493988014999999558e-01
-1.489105202499999558e-01
-1.484222389999999558e-01
-1.479339577499999558e-01
-1.474456764999999558e-01
-1.469573952499999558e-01
-1.464691139999999558e-01
-1.459808327499999558e-01
-1.454925514999999558e-01
-1.450042702499999558e-01
-1.445159889999999558e-01
-1.440277077499999558e-01
-1.435394264999999558e-01
-1.430511452499999558e-01
-1.425628639999999558e-01
-1.420745827499999558e-01
-1.415863014999999558e-01
-1.410980202499999558e-01
-1.406097389999999558e-01
-1.401214577499999558e-01
-1.396331764999999558e-01
-1.391448952499999558e-01
-1.386566139999999558e-01
-1.381683327499999558e-01
-1.376800514999999558e-01
-1.371917702499999558e-01
-1.367034889999999558e-01
-1.362152077499999558e-01
-1.357269264999999558e-01
-1.352386452499999558e-01
-1.347503639999999558e-01
-1.342620827499999558e-01
-1.337738014999999558e-01
-1.332855202499999558e-01
-1.327972389999999558e-01
-1.323089577499999558e-01
-1.318206764999999558e-01
-1.313323952499999558e-01
-1.308441139999999558e-01
-1.303558327499999558e-01
-1.298675514999999558e-01
-1.293792702499999558e-01
-1.288909889999999558e-01
-1.284027077499999558e-01
-1.279144264999999558e-01
-1.274261452499999558e-01
-1.269378639999999558e-01
-1.264495827499999558e-01
-1.259613014999999558e-01
-1.254730202499999558e-01
-1.249847389999999558e-01
-1.244964577499999558e-01
-1.240081764999999558e-01
-1.235198952499999558e-01
-1.230316139999999558e-01
-1.225433327499999558e-01
-1.220550514999999558e-01
-1.215667702499999558e-01
-1.210784889999999558e-01
-1.205902077499999558e-01
-1.201019264999999558e-01
-1.196136452499999558e-01
-1.191253639999999558e-01
-1.186370827499999558e-01
-1.181488014999999558e-01
-1.176605202499999558e-01
-1.171722389999999558e-01
-1.166839577499999558e-01
-1.161956764999999558e-01
-1.157073952499999558e-01
-1.152191139999999558e-01
-1.147308327499999558e-01
-1.142425514999999558e-01
-1.137542702499999558e-01
-1.132659889999999558e-01
-1.127777077499999558e-01
-1.122894264999999558e-01
-1.118011452499999558e-01
-1.113128639999999558e-01
-1.108245827499999558e-01
-1.103363014999999558e-01
-1.098480202499999558e-01
-1.093597389999999558e-01
-1.088714577499999558e-01
-1.083831764999999558e-01
-1.078948952499999558e-01
-1.074066139999999558e-01
-1.069183327499999558e-01
-1.064300514999999558e-01
-1.059417702499999558e-01
-1.054534889999999558e-01
-1.049652077499999558e-01
-1.044769264999999558e-01
-1.039886452499999558e-01
-1.035003639999999558e-01
-1.030120827499999558e-01
-1.025238014999999558e-01
-1.020355202499999558e-01
-1.015472389999999558e-01
-1.010589577499999558e-01
-1.005706764999999558e-01
-1.000823952499999558e-01
-9.959411399999995584e-02
-9.910583274999995584e-02
-9.861755149999995584e-02
-9.812927024999995584e-02
-9.764098899999995584e-02
-9.715270774999995584e-02
-9.666442649999995584e-02
-9.617614524999995584e-02
-9.568786399999995584e-02
-9.519958274999995584e-02
-9.471130149999995584e-02
-9.422302024999995584e-02
-9.373473899999995584e-02
-9.324645774999995584e-02
-9.275817649999995584e-02
-9.226989524999995584e-02
-9.178161399999995584e-02
-9.129333274999995584e-02
-9.080505149999995584e-02
-9.031677024999995584e-02
-8.982848899999995584e-02
-8.934020774999995584e-02
-8.885192649999995584e-02
-8.836364524999995584e-02
-8.787536399999995584e-02
-8.738708274999995584e-02
-8.689880149999995584e-02
-8.641052024999995584e-02
-8.592223899999995584e-02
-8.543395774999995584e-02
-8.494567649999995584e-02
-8.445739524999995584e-02
-8.396911399999995584e-02
-8.348083274999995584e-02
-8.299255149999995584e-02
-8.250427024999995584e-02
-8.201598899999995584e-02
-8.152770774999995584e-02
-8.103942649999995584e-02
-8.055114524999995584e-02
-8.006286399999995584e-02
-7.957458274999995584e-02
-7.908630149999995584e-02
-7.859802024999995584e-02
-7.810973899999995584e-02
-7.762145774999995584e-02
-7.713317649999995584e-02
-7.664489524999995584e-02
-7.615661399999995584e-02
-7.566833274999995584e-02
-7.518005149999995584e-02
-7.469177024999995584e-02
-7.420348899999995584e-02
-7.371520774999995584e-02
-7.322692649999995584e-02
-7.273864524999995584e-02
-7.225036399999995584e-02
-7.176208274999995584e-02
-7.127380149999995584e-02
-7.078552024999995584e-02
-7.029723899999995584e-02
-6.980895774999995584e-02
-6.932067649999995584e-02
-6.883239524999995584e-02
-6.834411399999995584e-02
-6.785583274999995584e-02
-6.736755149999995584e-02
-6.687927024999995584e-02
-6.639098899999995584e-02
-6.590270774999995584e-02
-6.541442649999995584e-02
-6.492614524999995584e-02
-6.443786399999995584e-02
-6.394958274999995584e-02
-6.346130149999995584e-02
-6.297302024999995584e-02
-6.248473899999995584e-02
-6.199645774999995584e-02
-6.150817649999995584e-02
-6.101989524999995584e-02
-6.053161399999995584e-02
-6.004333274999995584e-02
-5.955505149999995584e-02
-5.906677024999995584e-02
-5.857848899999995584e-02
-5.809020774999995584e-02
-5.760192649999995584e-02
-5.711364524999995584e-02
-5.662536399999995584e-02
-5.613708274999995584e-02
-5.564880149999995584e-02
-5.516052024999995584e-02
-5.467223899999995584e-02
-5.418395774999995584e-02
-5.369567649999995584e-02
-5.320739524999995584e-02
-5.271911399999995584e-02
-5.223083274999995584e-02
-5.174255149999995584e-02
-5.125427024999995584e-02
-5.076598899999995584e-02
-5.027770774999995584e-02
-4.978942649999995584e-02
-4.930114524999995584e-02
-4.881286399999995584e-02
-4.832458274999995584e-02
-4.783630149999995584e-02
-4.734802024999995584e-02
-4.685973899999995584e-02
-4.637145774999995584e-02
-4.588317649999995584e-02
-4.539489524999995584e-02
-4.490661399999995584e-02
-4.441833274999995584e-02
-4.393005149999995584e-02
-4.344177024999995584e-02
-4.295348899999995584e-02
-4.246520774999995584e-02
-4.197692649999995584e-02
-4.148864524999995584e-02
-4.100036399999995584e-02
-4.051208274999995584e-02
-4.002380149999995584e-02
-3.953552024999995584e-02
-3.904723899999995584e-02
-3.855895774999995584e-02
-3.807067649999995584e-02
-3.758239524999995584e-02
-3.709411399999995584e-02
-3.660583274999995584e-02
-3.611755149999995584e-02
-3.562927024999995584e-02
-3.514098899999995584e-02
-3.465270774999995584e-02
-3.416442649999995584e-02
-3.367614524999995584e-02
-3.318786399999995584e-02
-3.269958274999995584e-02
-3.221130149999995584e-02
-3.172302024999995584e-02
-3.123473899999995584e-02
-3.074645774999995584e-02
-3.025817649999995584e-02
-2.976989524999995584e-02
-2.928161399999995584e-02
-2.879333274999995584e-02
-2.830505149999995584e-02
-2.781677024999995584e-02
-2.732848899999995584e-02
-2.684020774999995584e-02
-2.635192649999995584e-02
-2.586364524999995584e-02
-2.537536399999995584e-02
-2.488708274999995584e-02
-2.439880149999995584e-02
-2.391052024999995584e-02
-2.342223899999995584e-02
-2.293395774999995584e-02
-2.244567649999995584e-02
-2.195739524999995584e-02
-2.146911399999995584e-02
-2.098083274999995584e-02
-2.049255149999995584e-02
-2.000427024999995584e-02
-1.951598899999995584e-02
-1.902770774999995584e-02
-1.853942649999995584e-02
-1.805114524999995584e-02
-1.756286399999995584e-02
-1.707458274999995584e-02
-1.658630149999995584e-02
-1.609802024999995584e-02
-1.560973899999995584e-02
-1.512145774999995584e-02
-1.463317649999995584e-02
-1.414489524999995584e-02
-1.365661399999995584e-02
-1.316833274999995584e-02
-1.268005149999995584e-02
-1.219177024999995584e-02
-1.170348899999995584e-02
-1.121520774999995584e-02
-1.072692649999995584e-02
-1.023864524999995584e-02
-9.750363999999955844e-03
-9.262082749999955844e-03
-8.773801499999955844e-03
-8.285520249999955844e-03
-7.797238999999955844e-03
-7.308957749999955844e-03
-6.820676499999955844e-03
-6.332395249999955844e-03
-5.844113999999955844e-03
-5.355832749999955844e-03
-4.867551499999955844e-03
-4.379270249999955844e-03
-3.890988999999955844e-03
-3.402707749999955844e-03
-2.914426499999955844e-03
-2.426145249999955844e-03
-1.937863999999955844e-03
-1.449582749999955844e-03
-9.613014999999558441e-04
-4.730202499999558441e-04
1.526100000004415591e-05
5.035422500000441559e-04
9.918235000000441559e-04
1.480104750000044156e-03
1.968386000000044156e-03
2.456667250000044156e-03
2.944948500000044156e-03
3.433229750000044156e-03
3.921511000000044156e-03
4.409792250000044156e-03
4.898073500000044156e-03
5.386354750000044156e-03
5.874636000000044156e-03
6.362917250000044156e-03
6.851198500000044156e-03
7.339479750000044156e-03
7.827761000000044156e-03
8.316042250000044156e-03
8.804323500000044156e-03
9.292604750000044156e-03
9.780886000000044156e-03
1.026916725000004416e-02
1.075744850000004416e-02
1.124572975000004416e-02
1.173401100000004416e-02
1.222229225000004416e-02
1.271057350000004416e-02
1.319885475000004416e-02
1.368713600000004416e-02
1.417541725000004416e-02
1.466369850000004416e-02
1.515197975000004416e-02
1.564026100000004416e-02
1.612854225000004416e-02
1.661682350000004416e-02
1.710510475000004416e-02
1.759338600000004416e-02
1.808166725000004416e-02
1.856994850000004416e-02
1.905822975000004416e-02
1.954651100000004416e-02
2.003479225000004416e-02
2.052307350000004416e-02
2.101135475000004416e-02
2.149963600000004416e-02
2.198791725000004416e-02
2.247619850000004416e-02
2.296447975000004416e-02
2.345276100000004416e-02
2.394104225000004416e-02
2.442932350000004416e-02
2.491760475000004416e-02
2.540588600000004416e-02
2.589416725000004416e-02
2.638244850000004416e-02
2.687072975000004416e-02
2.735901100000004416e-02
2.784729225000004416e-02
2.833557350000004416e-02
2.882385475000004416e-02
2.931213600000004416e-02
2.980041725000004416e-02
3.028869850000004416e-02
3.077697975000004416e-02
3.126526100000004416e-02
3.175354225000004416e-02
3.224182350000004416e-02
3.273010475000004416e-02
3.321838600000004416e-02
3.370666725000004416e-02
3.419494850000004416e-02
3.468322975000004416e-02
3.517151100000004416e-02
3.565979225000004416e-02
3.614807350000004416e-02
3.663635475000004416e-02
3.712463600000004416e-02
3.761291725000004416e-02
3.810119850000004416e-02
3.858947975000004416e-02
3.907776100000004416e-02
3.956604225000004416e-02
4.005432350000004416e-02
4.054260475000004416e-02
4.103088600000004416e-02
4.151916725000004416e-02
4.200744850000004416e-02
4.249572975000004416e-02
4.298401100000004416e-02
4.347229225000004416e-02
4.396057350000004416e-02
4.444885475000004416e-02
4.493713600000004416e-02
4.542541725000004416e-02
4.591369850000004416e-02
4.640197975000004416e-02
4.689026100000004416e-02
4.737854225000004416e-02
4.786682350000004416e-02
4.835510475000004416e-02
4.884338600000004416e-02
4.933166725000004416e-02
4.981994850000004416e-02
5.030822975000004416e-02
5.079651100000004416e-02
5.128479225000004416e-02
5.177307350000004416e-02
5.226135475000004416e-02
5.274963600000004416e-02
5.323791725000004416e-02
5.372619850000004416e-02
5.421447975000004416e-02
5.470276100000004416e-02
5.519104225000004416e-02
5.567932350000004416e-02
5.616760475000004416e-02
5.665588600000004416e-02
5.714416725000004416e-02
5.763244850000004416e-02
5.812072975000004416e-02
5.860901100000004416e-02
5.909729225000004416e-02
5.958557350000004416e-02
6.007385475000004416e-02
6.056213600000004416e-02
6.105041725000004416e-02
6.153869850000004416e-02
6.202697975000004416e-02
6.251526100000004416e-02
6.300354225000004416e-02
6.349182350000004416e-02
6.398010475000004416e-02
6.446838600000004416e-02
6.495666725000004416e-02
6.544494850000004416e-02
6.593322975000004416e-02
6.642151100000004416e-02
6.690979225000004416e-02
6.739807350000004416e-02
6.788635475000004416e-02
6.837463600000004416e-02
6.886291725000004416e-02
6.935119850000004416e-02
6.983947975000004416e-02
7.032776100000004416e-02
7.081604225000004416e-02
7.130432350000004416e-02
7.179260475000004416e-02
7.228088600000004416e-02
7.276916725000004416e-02
7.325744850000004416e-02
7.374572975000004416e-02
7.423401100000004416e-02
7.472229225000004416e-02
7.521057350000004416e-02
7.569885475000004416e-02
7.618713600000004416e-02
7.667541725000004416e-02
7.716369850000004416e-02
7.765197975000004416e-02
7.814026100000004416e-02
7.862854225000004416e-02
7.911682350000004416e-02
7.960510475000004416e-02
8.009338600000004416e-02
8.058166725000004416e-02
8.106994850000004416e-02
8.155822975000004416e-02
8.204651100000004416e-02
8.253479225000004416e-02
8.302307350000004416e-02
8.351135475000004416e-02
8.399963600000004416e-02
8.448791725000004416e-02
8.497619850000004416e-02
8.546447975000004416e-02
8.595276100000004416e-02
8.644104225000004416e-02
8.692932350000004416e-02
8.741760475000004416e-02
8.790588600000004416e-02
8.839416725000004416e-02
8.888244850000004416e-02
8.937072975000004416e-02
8.985901100000004416e-02
9.034729225000004416e-02
9.083557350000004416e-02
9.132385475000004416e-02
9.181213600000004416e-02
9.230041725000004416e-02
9.278869850000004416e-02
9.327697975000004416e-02
9.376526100000004416e-02
9.425354225000004416e-02
9.474182350000004416e-02
9.523010475000004416e-02
9.571838600000004416e-02
9.620666725000004416e-02
9.669494850000004416e-02
9.718322975000004416e-02
9.767151100000004416e-02
9.815979225000004416e-02
9.864807350000004416e-02
9.913635475000004416e-02
9.962463600000004416e-02
1.001129172500000442e-01
1.006011985000000442e-01
1.010894797500000442e-01
1.015777610000000442e-01
1.020660422500000442e-01
1.025543235000000442e-01
1.030426047500000442e-01
1.035308860000000442e-01
1.040191672500000442e-01
1.045074485000000442e-01
1.049957297500000442e-01
1.054840110000000442e-01
1.059722922500000442e-01
1.064605735000000442e-01
1.069488547500000442e-01
1.074371360000000442e-01
1.079254172500000442e-01
1.084136985000000442e-01
1.089019797500000442e-01
1.093902610000000442e-01
1.098785422500000442e-01
1.103668235000000442e-01
1.108551047500000442e-01
1.113433860000000442e-01
1.118316672500000442e-01
1.123199485000000442e-01
1.128082297500000442e-01
1.132965110000000442e-01
1.137847922500000442e-01
1.142730735000000442e-01
1.147613547500000442e-01
1.152496360000000442e-01
1.157379172500000442e-01
1.162261985000000442e-01
1.167144797500000442e-01
1.172027610000000442e-01
1.176910422500000442e-01
1.181793235000000442e-01
1.186676047500000442e-01
1.191558860000000442e-01
1.196441672500000442e-01
1.201324485000000442e-01
1.206207297500000442e-01
1.211090110000000442e-01
1.215972922500000442e-01
1.220855735000000442e-01
1.225738547500000442e-01
1.230621360000000442e-01
1.235504172500000442e-01
1.240386985000000442e-01
1.245269797500000442e-01
1.250152610000000442e-01
1.255035422500000442e-01
1.259918235000000442e-01
1.264801047500000442e-01
1.269683860000000442e-01
1.274566672500000442e-01
1.279449485000000442e-01
1.284332297500000442e-01
1.289215110000000442e-01
1.294097922500000442e-01
1.298980735000000442e-01
1.303863547500000442e-01
1.308746360000000442e-01
1.313629172500000442e-01
1.318511985000000442e-01
1.323394797500000442e-01
1.328277610000000442e-01
1.333160422500000442e-01
1.338043235000000442e-01
1.342926047500000442e-01
1.347808860000000442e-01
1.352691672500000442e-01
1.357574485000000442e-01
1.362457297500000442e-01
1.367340110000000442e-01
