2.620587328138260474e+01
2.704732531578224197e+01
2.737913688434183257e+01
2.706293201017861350e+01
2.598258387621552856e+01
2.406436636535992690e+01
2.128788307683444003e+01
1.768800381603369942e+01
1.335290058383613321e+01
8.423092241426703097e+00
3.091372551694199000e+00
-2.402109727684464957e+00
-7.786795529993614018e+00
-1.279338723314604032e+01
-1.719483752273077215e+01
-2.084487615237740243e+01
-2.370124552375692772e+01
-2.582582134187972045e+01
-2.736154679489213493e+01
-2.849272806675425684e+01
-2.939815141134349830e+01
-3.020641603505959694e+01
-3.096148988176872408e+01
-3.160554698901556847e+01
-3.198440747256048411e+01
-3.187719029870926235e+01
-3.104523383681503645e+01
-2.928841997793242768e+01
-2.649284923403034142e+01
-2.265595345516359771e+01
-1.788282422311583275e+01
-1.235780826005678179e+01
-6.302822360281623126e+00
6.413068490859170911e-02
6.559995807870728335e+00
1.305188544963900199e+01
1.945504799537437179e+01
2.571392859773211015e+01
3.176875335784966126e+01
3.751381749719077163e+01
4.275926336781954973e+01
4.721168280996291600e+01
5.048656461964269226e+01
5.215569464246053855e+01
5.181895412178501914e+01
4.917938151040773676e+01
4.409917242721483177e+01
3.662340758337830238e+01
2.697263873243345600e+01
1.551665085125884858e+01
2.743930520553464536e+00
-1.076516438916809015e+01
-2.436271373155413045e+01
-3.736061345144007362e+01
-4.906346554335789278e+01
-5.880186868635662023e+01
-6.595666678094326585e+01
-6.996868803425573446e+01
-7.034027935214170668e+01
-6.664657164289353375e+01
-5.857787330049213637e+01
-4.602374984330818108e+01
-2.918966441178505633e+01
-8.720042528087466494e+00
1.421389442823746663e+01
3.789595037943093558e+01
6.013882875532186034e+01
7.845735184924143368e+01
9.033747512258679535e+01
9.358809423738276223e+01
8.674867621940845197e+01
6.950056221653923672e+01
4.299770171603807256e+01
1.000713311784421400e+01
-2.524762446445808095e+01
-5.760124848533890685e+01
-8.179140776846287508e+01
-9.349623034722245052e+01
-9.033377918114523197e+01
-7.255582604653463363e+01
-4.321095190869694846e+01
-7.672534701390170575e+00
2.740624836624392557e+01
5.548495883052377309e+01
7.154285821683507152e+01
7.315023752266827728e+01
6.093604915629523333e+01
3.834068945387931393e+01
1.072942538823733116e+01
-1.589630935313839188e+01
-3.625958963213379604e+01
-4.690989643422226152e+01
-4.682123182055033084e+01
-3.738486151711796879e+01
-2.185217260431861774e+01
-4.411754740757467985e+00
1.084653869414225724e+01
2.082881419730864891e+01
2.400647720878099634e+01
2.056758755252926107e+01
1.216731794137086453e+01
1.382334196598830722e+00
-8.973722857926345498e+00
-1.650642273313994224e+01
-1.972803628725142389e+01
-1.828951219678018347e+01
-1.293476027663916916e+01
-5.217599637726605621e+00
2.931136583160157905e+00
9.674480582267493745e+00
1.366918851299854154e+01
1.431231263490706773e+01
1.179578008435881031e+01
6.978134450981935188e+00
1.123495654758482232e+00
-4.418436959514949969e+00
-8.513662372937673695e+00
-1.046324676252701202e+01
-1.010318102074553437e+01
-7.776827806819047950e+00
-4.199042844344092806e+00
-2.518926038451684279e-01
3.236563336917660294e+00
5.677776394873305321e+00
6.830448827303339243e+00
6.809464169176748349e+00
6.002187503424110560e+00
4.923645633829942803e+00
4.057249395778439016e+00
3.726959604902012391e+00
4.031239416798535480e+00
4.845945839690164902e+00
5.882400219681337639e+00
6.775717308358457203e+00
7.178559159980203219e+00
6.842229712528896890e+00
5.673993714906559127e+00
3.762930882923427589e+00
1.368019866678673591e+00
-1.134033712020376949e+00
-3.334491320137279669e+00
-4.892281463965931110e+00
-5.618844467621440408e+00
