-2.562034240000000129e-01
-2.557151427500000129e-01
-2.552268615000000129e-01
-2.547385802500000129e-01
-2.542502990000000129e-01
-2.537620177500000129e-01
-2.532737365000000129e-01
-2.527854552500000129e-01
-2.522971740000000129e-01
-2.518088927500000129e-01
-2.513206115000000129e-01
-2.508323302500000129e-01
-2.503440490000000129e-01
-2.498557677500000129e-01
-2.493674865000000129e-01
-2.488792052500000129e-01
-2.483909240000000129e-01
-2.479026427500000129e-01
-2.474143615000000129e-01
-2.469260802500000129e-01
-2.464377990000000129e-01
-2.459495177500000129e-01
-2.454612365000000129e-01
-2.449729552500000129e-01
-2.444846740000000129e-01
-2.439963927500000129e-01
-2.435081115000000129e-01
-2.430198302500000129e-01
-2.425315490000000129e-01
-2.420432677500000129e-01
-2.415549865000000129e-01
-2.410667052500000129e-01
-2.405784240000000129e-01
-2.400901427500000129e-01
-2.396018615000000129e-01
-2.391135802500000129e-01
-2.386252990000000129e-01
-2.381370177500000129e-01
-2.376487365000000129e-01
-2.371604552500000129e-01
-2.366721740000000129e-01
-2.361838927500000129e-01
-2.356956115000000129e-01
-2.352073302500000129e-01
-2.347190490000000129e-01
-2.342307677500000129e-01
-2.337424865000000129e-01
-2.332542052500000129e-01
-2.327659240000000129e-01
-2.322776427500000129e-01
-2.317893615000000129e-01
-2.313010802500000129e-01
-2.308127990000000129e-01
-2.303245177500000129e-01
-2.298362365000000129e-01
-2.293479552500000129e-01
-2.288596740000000129e-01
-2.283713927500000129e-01
-2.278831115000000129e-01
-2.273948302500000129e-01
-2.269065490000000129e-01
-2.264182677500000129e-01
-2.259299865000000129e-01
-2.254417052500000129e-01
-2.249534240000000129e-01
-2.244651427500000129e-01
-2.239768615000000129e-01
-2.234885802500000129e-01
-2.230002990000000129e-01
-2.225120177500000129e-01
-2.220237365000000129e-01
-2.215354552500000129e-01
-2.210471740000000129e-01
-2.205588927500000129e-01
-2.200706115000000129e-01
-2.195823302500000129e-01
-2.190940490000000129e-01
-2.186057677500000129e-01
-2.181174865000000129e-01
-2.176292052500000129e-01
-2.171409240000000129e-01
-2.166526427500000129e-01
-2.161643615000000129e-01
-2.156760802500000129e-01
-2.151877990000000129e-01
-2.146995177500000129e-01
-2.142112365000000129e-01
-2.137229552500000129e-01
-2.132346740000000129e-01
-2.127463927500000129e-01
-2.122581115000000129e-01
-2.117698302500000129e-01
-2.112815490000000129e-01
-2.107932677500000129e-01
-2.103049865000000129e-01
-2.098167052500000129e-01
-2.093284240000000129e-01
-2.088401427500000129e-01
-2.083518615000000129e-01
-2.078635802500000129e-01
-2.073752990000000129e-01
-2.068870177500000129e-01
-2.063987365000000129e-01
-2.059104552500000129e-01
-2.054221740000000129e-01
-2.049338927500000129e-01
-2.044456115000000129e-01
-2.039573302500000129e-01
-2.034690490000000129e-01
-2.029807677500000129e-01
-2.024924865000000129e-01
-2.020042052500000129e-01
-2.015159240000000129e-01
-2.010276427500000129e-01
-2.005393615000000129e-01
-2.000510802500000129e-01
-1.995627990000000129e-01
-1.990745177500000129e-01
-1.985862365000000129e-01
-1.980979552500000129e-01
-1.976096740000000129e-01
-1.971213927500000129e-01
-1.966331115000000129e-01
-1.961448302500000129e-01
-1.956565490000000129e-01
-1.951682677500000129e-01
-1.946799865000000129e-01
-1.941917052500000129e-01
-1.937034240000000129e-01
-1.932151427500000129e-01
-1.927268615000000129e-01
-1.922385802500000129e-01
-1.917502990000000129e-01
-1.912620177500000129e-01
-1.907737365000000129e-01
-1.902854552500000129e-01
-1.897971740000000129e-01
-1.893088927500000129e-01
-1.888206115000000129e-01
-1.883323302500000129e-01
-1.878440490000000129e-01
-1.873557677500000129e-01
-1.868674865000000129e-01
-1.863792052500000129e-01
-1.858909240000000129e-01
-1.854026427500000129e-01
-1.849143615000000129e-01
-1.844260802500000129e-01
-1.839377990000000129e-01
-1.834495177500000129e-01
-1.829612365000000129e-01
-1.824729552500000129e-01
-1.819846740000000129e-01
-1.814963927500000129e-01
-1.810081115000000129e-01
-1.805198302500000129e-01
-1.800315490000000129e-01
-1.795432677500000129e-01
-1.790549865000000129e-01
-1.785667052500000129e-01
-1.780784240000000129e-01
-1.775901427500000129e-01
-1.771018615000000129e-01
-1.766135802500000129e-01
-1.761252990000000129e-01
-1.756370177500000129e-01
-1.751487365000000129e-01
-1.746604552500000129e-01
-1.741721740000000129e-01
-1.736838927500000129e-01
-1.731956115000000129e-01
-1.727073302500000129e-01
-1.722190490000000129e-01
-1.717307677500000129e-01
-1.712424865000000129e-01
-1.707542052500000129e-01
-1.702659240000000129e-01
-1.697776427500000129e-01
-1.692893615000000129e-01
-1.688010802500000129e-01
-1.683127990000000129e-01
-1.678245177500000129e-01
-1.673362365000000129e-01
-1.668479552500000129e-01
-1.663596740000000129e-01
-1.658713927500000129e-01
-1.653831115000000129e-01
-1.648948302500000129e-01
-1.644065490000000129e-01
-1.639182677500000129e-01
-1.634299865000000129e-01
-1.629417052500000129e-01
-1.624534240000000129e-01
-1.619651427500000129e-01
-1.614768615000000129e-01
-1.609885802500000129e-01
-1.605002990000000129e-01
-1.600120177500000129e-01
-1.595237365000000129e-01
-1.590354552500000129e-01
-1.585471740000000129e-01
-1.580588927500000129e-01
-1.575706115000000129e-01
-1.570823302500000129e-01
-1.565940490000000129e-01
-1.561057677500000129e-01
-1.556174865000000129e-01
-1.551292052500000129e-01
-1.546409240000000129e-01
-1.541526427500000129e-01
-1.536643615000000129e-01
-1.531760802500000129e-01
-1.526877990000000129e-01
-1.521995177500000129e-01
-1.517112365000000129e-01
-1.512229552500000129e-01
-1.507346740000000129e-01
-1.502463927500000129e-01
-1.497581115000000129e-01
-1.492698302500000129e-01
-1.487815490000000129e-01
-1.482932677500000129e-01
-1.478049865000000129e-01
-1.473167052500000129e-01
-1.468284240000000129e-01
-1.463401427500000129e-01
-1.458518615000000129e-01
-1.453635802500000129e-01
-1.448752990000000129e-01
-1.443870177500000129e-01
-1.438987365000000129e-01
-1.434104552500000129e-01
-1.429221740000000129e-01
-1.424338927500000129e-01
-1.419456115000000129e-01
-1.414573302500000129e-01
-1.409690490000000129e-01
-1.404807677500000129e-01
-1.399924865000000129e-01
-1.395042052500000129e-01
-1.390159240000000129e-01
-1.385276427500000129e-01
-1.380393615000000129e-01
-1.375510802500000129e-01
-1.370627990000000129e-01
-1.365745177500000129e-01
-1.360862365000000129e-01
-1.355979552500000129e-01
-1.351096740000000129e-01
-1.346213927500000129e-01
-1.341331115000000129e-01
-1.336448302500000129e-01
-1.331565490000000129e-01
-1.326682677500000129e-01
-1.321799865000000129e-01
-1.316917052500000129e-01
-1.312034240000000129e-01
-1.307151427500000129e-01
-1.302268615000000129e-01
-1.297385802500000129e-01
-1.292502990000000129e-01
-1.287620177500000129e-01
-1.282737365000000129e-01
-1.277854552500000129e-01
-1.272971740000000129e-01
-1.268088927500000129e-01
-1.263206115000000129e-01
-1.258323302500000129e-01
-1.253440490000000129e-01
-1.248557677500000129e-01
-1.243674865000000129e-01
-1.238792052500000129e-01
-1.233909240000000129e-01
-1.229026427500000129e-01
-1.224143615000000129e-01
-1.219260802500000129e-01
-1.214377990000000129e-01
-1.209495177500000129e-01
-1.204612365000000129e-01
-1.199729552500000129e-01
-1.194846740000000129e-01
-1.189963927500000129e-01
-1.185081115000000129e-01
-1.180198302500000129e-01
-1.175315490000000129e-01
-1.170432677500000129e-01
-1.165549865000000129e-01
-1.160667052500000129e-01
-1.155784240000000129e-01
-1.150901427500000129e-01
-1.146018615000000129e-01
-1.141135802500000129e-01
-1.136252990000000129e-01
-1.131370177500000129e-01
-1.126487365000000129e-01
-1.121604552500000129e-01
-1.116721740000000129e-01
-1.111838927500000129e-01
-1.106956115000000129e-01
-1.102073302500000129e-01
-1.097190490000000129e-01
-1.092307677500000129e-01
-1.087424865000000129e-01
-1.082542052500000129e-01
-1.077659240000000129e-01
-1.072776427500000129e-01
-1.067893615000000129e-01
-1.063010802500000129e-01
-1.058127990000000129e-01
-1.053245177500000129e-01
-1.048362365000000129e-01
-1.043479552500000129e-01
-1.038596740000000129e-01
-1.033713927500000129e-01
-1.028831115000000129e-01
-1.023948302500000129e-01
-1.019065490000000129e-01
-1.014182677500000129e-01
-1.009299865000000129e-01
-1.004417052500000129e-01
-9.995342400000001293e-02
-9.946514275000001293e-02
-9.897686150000001293e-02
-9.848858025000001293e-02
-9.800029900000001293e-02
-9.751201775000001293e-02
-9.702373650000001293e-02
-9.653545525000001293e-02
-9.604717400000001293e-02
-9.555889275000001293e-02
-9.507061150000001293e-02
-9.458233025000001293e-02
-9.409404900000001293e-02
-9.360576775000001293e-02
-9.311748650000001293e-02
-9.262920525000001293e-02
-9.214092400000001293e-02
-9.165264275000001293e-02
-9.116436150000001293e-02
-9.067608025000001293e-02
-9.018779900000001293e-02
-8.969951775000001293e-02
-8.921123650000001293e-02
-8.872295525000001293e-02
-8.823467400000001293e-02
-8.774639275000001293e-02
-8.725811150000001293e-02
-8.676983025000001293e-02
-8.628154900000001293e-02
-8.579326775000001293e-02
-8.530498650000001293e-02
-8.481670525000001293e-02
-8.432842400000001293e-02
-8.384014275000001293e-02
-8.335186150000001293e-02
-8.286358025000001293e-02
-8.237529900000001293e-02
-8.188701775000001293e-02
-8.139873650000001293e-02
-8.091045525000001293e-02
-8.042217400000001293e-02
-7.993389275000001293e-02
-7.944561150000001293e-02
-7.895733025000001293e-02
-7.846904900000001293e-02
-7.798076775000001293e-02
-7.749248650000001293e-02
-7.700420525000001293e-02
-7.651592400000001293e-02
-7.602764275000001293e-02
-7.553936150000001293e-02
-7.505108025000001293e-02
-7.456279900000001293e-02
-7.407451775000001293e-02
-7.358623650000001293e-02
-7.309795525000001293e-02
-7.260967400000001293e-02
-7.212139275000001293e-02
-7.163311150000001293e-02
-7.114483025000001293e-02
-7.065654900000001293e-02
-7.016826775000001293e-02
-6.967998650000001293e-02
-6.919170525000001293e-02
-6.870342400000001293e-02
-6.821514275000001293e-02
-6.772686150000001293e-02
-6.723858025000001293e-02
-6.675029900000001293e-02
-6.626201775000001293e-02
-6.577373650000001293e-02
-6.528545525000001293e-02
-6.479717400000001293e-02
-6.430889275000001293e-02
-6.382061150000001293e-02
-6.333233025000001293e-02
-6.284404900000001293e-02
-6.235576775000001293e-02
-6.186748650000001293e-02
-6.137920525000001293e-02
-6.089092400000001293e-02
-6.040264275000001293e-02
-5.991436150000001293e-02
-5.942608025000001293e-02
-5.893779900000001293e-02
-5.844951775000001293e-02
-5.796123650000001293e-02
-5.747295525000001293e-02
-5.698467400000001293e-02
-5.649639275000001293e-02
-5.600811150000001293e-02
-5.551983025000001293e-02
-5.503154900000001293e-02
-5.454326775000001293e-02
-5.405498650000001293e-02
-5.356670525000001293e-02
-5.307842400000001293e-02
-5.259014275000001293e-02
-5.210186150000001293e-02
-5.161358025000001293e-02
-5.112529900000001293e-02
-5.063701775000001293e-02
-5.014873650000001293e-02
-4.966045525000001293e-02
-4.917217400000001293e-02
-4.868389275000001293e-02
-4.819561150000001293e-02
-4.770733025000001293e-02
-4.721904900000001293e-02
-4.673076775000001293e-02
-4.624248650000001293e-02
-4.575420525000001293e-02
-4.526592400000001293e-02
-4.477764275000001293e-02
-4.428936150000001293e-02
-4.380108025000001293e-02
-4.331279900000001293e-02
-4.282451775000001293e-02
-4.233623650000001293e-02
-4.184795525000001293e-02
-4.135967400000001293e-02
-4.087139275000001293e-02
-4.038311150000001293e-02
-3.989483025000001293e-02
-3.940654900000001293e-02
-3.891826775000001293e-02
-3.842998650000001293e-02
-3.794170525000001293e-02
-3.745342400000001293e-02
-3.696514275000001293e-02
-3.647686150000001293e-02
-3.598858025000001293e-02
-3.550029900000001293e-02
-3.501201775000001293e-02
-3.452373650000001293e-02
-3.403545525000001293e-02
-3.354717400000001293e-02
-3.305889275000001293e-02
-3.257061150000001293e-02
-3.208233025000001293e-02
-3.159404900000001293e-02
-3.110576775000001293e-02
-3.061748650000001293e-02
-3.012920525000001293e-02
-2.964092400000001293e-02
-2.915264275000001293e-02
-2.866436150000001293e-02
-2.817608025000001293e-02
-2.768779900000001293e-02
-2.719951775000001293e-02
-2.671123650000001293e-02
-2.622295525000001293e-02
-2.573467400000001293e-02
-2.524639275000001293e-02
-2.475811150000001293e-02
-2.426983025000001293e-02
-2.378154900000001293e-02
-2.329326775000001293e-02
-2.280498650000001293e-02
-2.231670525000001293e-02
-2.182842400000001293e-02
-2.134014275000001293e-02
-2.085186150000001293e-02
-2.036358025000001293e-02
-1.987529900000001293e-02
-1.938701775000001293e-02
-1.889873650000001293e-02
-1.841045525000001293e-02
-1.792217400000001293e-02
-1.743389275000001293e-02
-1.694561150000001293e-02
-1.645733025000001293e-02
-1.596904900000001293e-02
-1.548076775000001293e-02
-1.499248650000001293e-02
-1.450420525000001293e-02
-1.401592400000001293e-02
-1.352764275000001293e-02
-1.303936150000001293e-02
-1.255108025000001293e-02
-1.206279900000001293e-02
-1.157451775000001293e-02
-1.108623650000001293e-02
-1.059795525000001293e-02
-1.010967400000001293e-02
-9.621392750000012928e-03
-9.133111500000012928e-03
-8.644830250000012928e-03
-8.156549000000012928e-03
-7.668267750000012928e-03
-7.179986500000012928e-03
-6.691705250000012928e-03
-6.203424000000012928e-03
-5.715142750000012928e-03
-5.226861500000012928e-03
-4.738580250000012928e-03
-4.250299000000012928e-03
-3.762017750000012928e-03
-3.273736500000012928e-03
-2.785455250000012928e-03
-2.297174000000012928e-03
-1.808892750000012928e-03
-1.320611500000012928e-03
-8.323302500000129278e-04
-3.440490000000129278e-04
1.442322499999870722e-04
6.325134999999870722e-04
1.120794749999987072e-03
1.609075999999987072e-03
2.097357249999987072e-03
2.585638499999987072e-03
3.073919749999987072e-03
3.562200999999987072e-03
4.050482249999987072e-03
4.538763499999987072e-03
5.027044749999987072e-03
5.515325999999987072e-03
6.003607249999987072e-03
6.491888499999987072e-03
6.980169749999987072e-03
7.468450999999987072e-03
7.956732249999987072e-03
8.445013499999987072e-03
8.933294749999987072e-03
9.421575999999987072e-03
9.909857249999987072e-03
1.039813849999998707e-02
1.088641974999998707e-02
1.137470099999998707e-02
1.186298224999998707e-02
1.235126349999998707e-02
1.283954474999998707e-02
1.332782599999998707e-02
1.381610724999998707e-02
1.430438849999998707e-02
1.479266974999998707e-02
1.528095099999998707e-02
1.576923224999998707e-02
1.625751349999998707e-02
1.674579474999998707e-02
1.723407599999998707e-02
1.772235724999998707e-02
1.821063849999998707e-02
1.869891974999998707e-02
1.918720099999998707e-02
1.967548224999998707e-02
2.016376349999998707e-02
2.065204474999998707e-02
2.114032599999998707e-02
2.162860724999998707e-02
2.211688849999998707e-02
2.260516974999998707e-02
2.309345099999998707e-02
2.358173224999998707e-02
2.407001349999998707e-02
2.455829474999998707e-02
2.504657599999998707e-02
2.553485724999998707e-02
2.602313849999998707e-02
2.651141974999998707e-02
2.699970099999998707e-02
2.748798224999998707e-02
2.797626349999998707e-02
2.846454474999998707e-02
2.895282599999998707e-02
2.944110724999998707e-02
2.992938849999998707e-02
3.041766974999998707e-02
3.090595099999998707e-02
3.139423224999998707e-02
3.188251349999998707e-02
3.237079474999998707e-02
3.285907599999998707e-02
3.334735724999998707e-02
3.383563849999998707e-02
3.432391974999998707e-02
3.481220099999998707e-02
3.530048224999998707e-02
3.578876349999998707e-02
3.627704474999998707e-02
3.676532599999998707e-02
3.725360724999998707e-02
3.774188849999998707e-02
3.823016974999998707e-02
3.871845099999998707e-02
3.920673224999998707e-02
3.969501349999998707e-02
4.018329474999998707e-02
4.067157599999998707e-02
4.115985724999998707e-02
4.164813849999998707e-02
4.213641974999998707e-02
4.262470099999998707e-02
4.311298224999998707e-02
4.360126349999998707e-02
4.408954474999998707e-02
4.457782599999998707e-02
4.506610724999998707e-02
4.555438849999998707e-02
4.604266974999998707e-02
4.653095099999998707e-02
4.701923224999998707e-02
4.750751349999998707e-02
4.799579474999998707e-02
4.848407599999998707e-02
4.897235724999998707e-02
4.946063849999998707e-02
4.994891974999998707e-02
5.043720099999998707e-02
5.092548224999998707e-02
5.141376349999998707e-02
5.190204474999998707e-02
5.239032599999998707e-02
5.287860724999998707e-02
5.336688849999998707e-02
5.385516974999998707e-02
5.434345099999998707e-02
5.483173224999998707e-02
5.532001349999998707e-02
5.580829474999998707e-02
5.629657599999998707e-02
5.678485724999998707e-02
5.727313849999998707e-02
5.776141974999998707e-02
5.824970099999998707e-02
5.873798224999998707e-02
5.922626349999998707e-02
5.971454474999998707e-02
6.020282599999998707e-02
6.069110724999998707e-02
6.117938849999998707e-02
6.166766974999998707e-02
6.215595099999998707e-02
6.264423224999998707e-02
6.313251349999998707e-02
6.362079474999998707e-02
6.410907599999998707e-02
6.459735724999998707e-02
6.508563849999998707e-02
6.557391974999998707e-02
6.606220099999998707e-02
6.655048224999998707e-02
6.703876349999998707e-02
6.752704474999998707e-02
6.801532599999998707e-02
6.850360724999998707e-02
6.899188849999998707e-02
6.948016974999998707e-02
6.996845099999998707e-02
7.045673224999998707e-02
7.094501349999998707e-02
7.143329474999998707e-02
7.192157599999998707e-02
7.240985724999998707e-02
7.289813849999998707e-02
7.338641974999998707e-02
7.387470099999998707e-02
7.436298224999998707e-02
7.485126349999998707e-02
7.533954474999998707e-02
7.582782599999998707e-02
7.631610724999998707e-02
7.680438849999998707e-02
7.729266974999998707e-02
7.778095099999998707e-02
7.826923224999998707e-02
7.875751349999998707e-02
7.924579474999998707e-02
7.973407599999998707e-02
8.022235724999998707e-02
8.071063849999998707e-02
8.119891974999998707e-02
8.168720099999998707e-02
8.217548224999998707e-02
8.266376349999998707e-02
8.315204474999998707e-02
8.364032599999998707e-02
8.412860724999998707e-02
8.461688849999998707e-02
8.510516974999998707e-02
8.559345099999998707e-02
8.608173224999998707e-02
8.657001349999998707e-02
8.705829474999998707e-02
8.754657599999998707e-02
8.803485724999998707e-02
8.852313849999998707e-02
8.901141974999998707e-02
8.949970099999998707e-02
8.998798224999998707e-02
9.047626349999998707e-02
9.096454474999998707e-02
9.145282599999998707e-02
9.194110724999998707e-02
9.242938849999998707e-02
9.291766974999998707e-02
9.340595099999998707e-02
9.389423224999998707e-02
9.438251349999998707e-02
9.487079474999998707e-02
9.535907599999998707e-02
9.584735724999998707e-02
9.633563849999998707e-02
9.682391974999998707e-02
9.731220099999998707e-02
9.780048224999998707e-02
9.828876349999998707e-02
9.877704474999998707e-02
9.926532599999998707e-02
9.975360724999998707e-02
1.002418884999999871e-01
1.007301697499999871e-01
1.012184509999999871e-01
1.017067322499999871e-01
1.021950134999999871e-01
1.026832947499999871e-01
1.031715759999999871e-01
1.036598572499999871e-01
1.041481384999999871e-01
1.046364197499999871e-01
1.051247009999999871e-01
1.056129822499999871e-01
1.061012634999999871e-01
1.065895447499999871e-01
1.070778259999999871e-01
1.075661072499999871e-01
1.080543884999999871e-01
1.085426697499999871e-01
1.090309509999999871e-01
1.095192322499999871e-01
1.100075134999999871e-01
1.104957947499999871e-01
1.109840759999999871e-01
1.114723572499999871e-01
1.119606384999999871e-01
1.124489197499999871e-01
1.129372009999999871e-01
1.134254822499999871e-01
1.139137634999999871e-01
1.144020447499999871e-01
1.148903259999999871e-01
1.153786072499999871e-01
1.158668884999999871e-01
1.163551697499999871e-01
1.168434509999999871e-01
1.173317322499999871e-01
1.178200134999999871e-01
1.183082947499999871e-01
1.187965759999999871e-01
1.192848572499999871e-01
1.197731384999999871e-01
1.202614197499999871e-01
1.207497009999999871e-01
1.212379822499999871e-01
1.217262634999999871e-01
1.222145447499999871e-01
1.227028259999999871e-01
1.231911072499999871e-01
1.236793884999999871e-01
1.241676697499999871e-01
1.246559509999999871e-01
1.251442322499999871e-01
1.256325134999999871e-01
1.261207947499999871e-01
1.266090759999999871e-01
1.270973572499999871e-01
1.275856384999999871e-01
1.280739197499999871e-01
1.285622009999999871e-01
1.290504822499999871e-01
1.295387634999999871e-01
1.300270447499999871e-01
1.305153259999999871e-01
1.310036072499999871e-01
1.314918884999999871e-01
1.319801697499999871e-01
1.324684509999999871e-01
1.329567322499999871e-01
1.334450134999999871e-01
1.339332947499999871e-01
1.344215759999999871e-01
1.349098572499999871e-01
1.353981384999999871e-01
1.358864197499999871e-01
1.363747009999999871e-01
1.368629822499999871e-01
1.373512634999999871e-01
1.378395447499999871e-01
1.383278259999999871e-01
1.388161072499999871e-01
1.393043884999999871e-01
1.397926697499999871e-01
1.402809509999999871e-01
1.407692322499999871e-01
1.412575134999999871e-01
1.417457947499999871e-01
1.422340759999999871e-01
1.427223572499999871e-01
1.432106384999999871e-01
1.436989197499999871e-01
1.441872009999999871e-01
1.446754822499999871e-01
1.451637634999999871e-01
1.456520447499999871e-01
1.461403259999999871e-01
1.466286072499999871e-01
1.471168884999999871e-01
1.476051697499999871e-01
1.480934509999999871e-01
1.485817322499999871e-01
1.490700134999999871e-01
1.495582947499999871e-01
1.500465759999999871e-01
1.505348572499999871e-01
1.510231384999999871e-01
1.515114197499999871e-01
1.519997009999999871e-01
1.524879822499999871e-01
1.529762634999999871e-01
1.534645447499999871e-01
1.539528259999999871e-01
1.544411072499999871e-01
1.549293884999999871e-01
1.554176697499999871e-01
1.559059509999999871e-01
1.563942322499999871e-01
1.568825134999999871e-01
1.573707947499999871e-01
1.578590759999999871e-01
1.583473572499999871e-01
1.588356384999999871e-01
1.593239197499999871e-01
1.598122009999999871e-01
1.603004822499999871e-01
1.607887634999999871e-01
1.612770447499999871e-01
1.617653259999999871e-01
1.622536072499999871e-01
1.627418884999999871e-01
1.632301697499999871e-01
1.637184509999999871e-01
1.642067322499999871e-01
1.646950134999999871e-01
1.651832947499999871e-01
1.656715759999999871e-01
1.661598572499999871e-01
1.666481384999999871e-01
1.671364197499999871e-01
1.676247009999999871e-01
1.681129822499999871e-01
1.686012634999999871e-01
1.690895447499999871e-01
1.695778259999999871e-01
1.700661072499999871e-01
1.705543884999999871e-01
1.710426697499999871e-01
1.715309509999999871e-01
1.720192322499999871e-01
1.725075134999999871e-01
1.729957947499999871e-01
1.734840759999999871e-01
1.739723572499999871e-01
1.744606384999999871e-01
1.749489197499999871e-01
1.754372009999999871e-01
1.759254822499999871e-01
1.764137634999999871e-01
1.769020447499999871e-01
1.773903259999999871e-01
1.778786072499999871e-01
1.783668884999999871e-01
1.788551697499999871e-01
1.793434509999999871e-01
1.798317322499999871e-01
1.803200134999999871e-01
1.808082947499999871e-01
1.812965759999999871e-01
1.817848572499999871e-01
1.822731384999999871e-01
1.827614197499999871e-01
1.832497009999999871e-01
1.837379822499999871e-01
1.842262634999999871e-01
1.847145447499999871e-01
1.852028259999999871e-01
1.856911072499999871e-01
1.861793884999999871e-01
1.866676697499999871e-01
1.871559509999999871e-01
1.876442322499999871e-01
1.881325134999999871e-01
1.886207947499999871e-01
1.891090759999999871e-01
1.895973572499999871e-01
1.900856384999999871e-01
1.905739197499999871e-01
1.910622009999999871e-01
1.915504822499999871e-01
1.920387634999999871e-01
1.925270447499999871e-01
1.930153259999999871e-01
1.935036072499999871e-01
1.939918884999999871e-01
1.944801697499999871e-01
1.949684509999999871e-01
1.954567322499999871e-01
1.959450134999999871e-01
1.964332947499999871e-01
1.969215759999999871e-01
1.974098572499999871e-01
1.978981384999999871e-01
1.983864197499999871e-01
1.988747009999999871e-01
1.993629822499999871e-01
1.998512634999999871e-01
2.003395447499999871e-01
2.008278259999999871e-01
2.013161072499999871e-01
2.018043884999999871e-01
2.022926697499999871e-01
2.027809509999999871e-01
2.032692322499999871e-01
2.037575134999999871e-01
2.042457947499999871e-01
2.047340759999999871e-01
2.052223572499999871e-01
2.057106384999999871e-01
2.061989197499999871e-01
2.066872009999999871e-01
2.071754822499999871e-01
2.076637634999999871e-01
2.081520447499999871e-01
2.086403259999999871e-01
2.091286072499999871e-01
2.096168884999999871e-01
2.101051697499999871e-01
2.105934509999999871e-01
2.110817322499999871e-01
2.115700134999999871e-01
2.120582947499999871e-01
2.125465759999999871e-01
2.130348572499999871e-01
