1.800521548288168461e+01
1.935697152053773706e+01
1.950581163189715284e+01
1.888580217221806734e+01
1.768596867011103413e+01
1.571364027600252022e+01
1.259855790461445935e+01
8.175567128564559027e+00
2.744536944433281889e+00
-2.999287146954140226e+00
-8.314757189268803472e+00
-1.277557224147617276e+01
-1.636551368095259207e+01
-1.924324309677613343e+01
-2.137920833264328735e+01
-2.237784258203793541e+01
-2.165867658405178275e+01
-1.888315603605975568e+01
-1.430346231408569757e+01
-8.746575764051540247e+00
-3.212721127128945309e+00
1.637621569822570011e+00
5.739393313490103843e+00
9.438609188912623793e+00
1.301571574240030493e+01
1.628736652880755287e+01
1.859864170354340018e+01
1.921811522722646259e+01
1.783618613214962423e+01
1.478467880059472606e+01
1.080954995149225617e+01
6.575057520226596175e+00
2.287490049790735114e+00
-2.266568006169632721e+00
-7.299476675927230929e+00
-1.255860191222268440e+01
-1.720378130186328747e+01
-2.015356715689815204e+01
-2.066459678496714503e+01
-1.872274965862043672e+01
-1.496442253236137176e+01
-1.020531092521813399e+01
-4.952385471259665550e+00
7.232235113409020144e-01
6.872752607062787789e+00
1.319923400134134717e+01
1.885070816545036365e+01
2.269423478140481976e+01
2.389896954814942376e+01
2.239255415538153215e+01
1.883399197768891042e+01
1.411634690841441930e+01
8.785326381342349222e+00
2.834024847624726284e+00
-3.961417467527149405e+00
-1.144088232190539500e+01
-1.870370077576166778e+01
-2.433456572604355017e+01
-2.709364468179724383e+01
-2.656828649865405367e+01
-2.328729656695363204e+01
-1.820735549191012836e+01
-1.198393056447412164e+01
-4.631323743845420005e+00
4.117644143188962325e+00
1.401395149335500889e+01
2.372085714985148286e+01
3.102482149980697557e+01
3.381415415156809701e+01
3.119962166361422362e+01
2.398447559676548835e+01
1.413140238062942444e+01
3.611739172604541359e+00
-6.506281661269928129e+00
-1.605556470536291513e+01
-2.490641648890414572e+01
-3.201453240127821687e+01
-3.528945692990998140e+01
-3.258981362839018203e+01
-2.323993249781210935e+01
-8.949716644213648209e+00
6.650017590953050117e+00
1.966358300893181621e+01
2.767855797723757760e+01
3.039849467276892980e+01
2.878825862409951597e+01
2.354362242681855477e+01
1.429937926489430566e+01
4.587998553730346374e-01
-1.683624613650304624e+01
-3.325991132746973733e+01
-4.205074047860500741e+01
-3.723887134502189866e+01
-1.771466569156926241e+01
1.057261443436495085e+01
3.627634344898793728e+01
4.789549790717534705e+01
3.989647499227802996e+01
1.608988224532033939e+01
-1.200318415677281259e+01
-3.113424517552113358e+01
-3.331572194589323033e+01
-1.977540662994157117e+01
3.630606599680485935e-01
1.572747861151258064e+01
1.916594796710308657e+01
1.120158630980203540e+01
-1.315166318616583618e+00
-1.010350802142501081e+01
-1.058068685392474251e+01
-4.067296651371687055e+00
3.949199119845128614e+00
7.920676847667493803e+00
5.806385177991879587e+00
-1.263107089217619938e-01
-5.433355975658888504e+00
-6.769476856288846101e+00
-3.969863935270582456e+00
3.155006280963600918e-01
2.870547499225138299e+00
2.248719139612394891e+00
-4.533419006530219897e-01
-2.745941888818340004e+00
-2.772346421671248784e+00
-6.415744856033042121e-01
1.842866341502706451e+00
2.710297273095322534e+00
1.362069905328884944e+00
-1.031835478436621045e+00
-2.500254489726609464e+00
-1.794919916412574201e+00
6.972611276281154291e-01
3.295549626233173601e+00
4.296006383093295078e+00
3.183312111779505127e+00
9.039458361529151276e-01
-9.300455255598266691e-01
-1.243672942140954696e+00
-1.964015248118499701e-01
1.093763808023413553e+00
1.508788368940602753e+00
7.940318074564761686e-01
-3.205488074612629079e-01
