4.647567102179747464e-19
4.480167230547077627e-19
4.295605356202989189e-19
4.094530052120729920e-19
3.877654962418762863e-19
3.645756461352798430e-19
3.399671059459567207e-19
3.140292564582528493e-19
2.868569006507929721e-19
2.585499334915911316e-19
2.292129901301731023e-19
1.989550736442555024e-19
1.678891635872310157e-19
1.361318066676291573e-19
1.038026909725826683e-19
7.102420522365536091e-20
3.792098286769373875e-20
4.619428296517720729e-21
-2.875275190311124665e-20
-6.206702923551891906e-20
-9.519454369206118597e-20
-1.280065989089378370e-19
-1.603751602199865367e-19
-1.921733537115217471e-19
-2.232759643633648143e-19
-2.535599313444879779e-19
-2.829048385231296951e-19
-3.111933982501247953e-19
-3.383119264804791107e-19
-3.641508073121147973e-19
-3.886049450421365120e-19
-4.115742018700994302e-19
-4.329638194143877640e-19
-4.526848222520768573e-19
-4.706544017443792353e-19
-4.867962784688953547e-19
-5.010410416462688520e-19
-5.133264640223145394e-19
-5.235977907471064774e-19
-5.318080008795483026e-19
-5.379180402394849109e-19
-5.418970244290693442e-19
-5.437224109506259152e-19
-5.433801394592659264e-19
-5.408647393047080272e-19
-5.361794036376901702e-19
-5.293360294816584362e-19
-5.203552232996241083e-19
-5.092662717187376631e-19
-4.961070772107726489e-19
-4.809240586648102673e-19
-4.637720169284954840e-19
-4.447139655357209517e-19
-4.238209269809734478e-19
-4.011716950432701538e-19
-3.768525638050439714e-19
-3.509570241529762582e-19
-3.235854286879630915e-19
-2.948446261096320868e-19
-2.648475662764331211e-19
-2.337128772748239785e-19
-2.015644159597475063e-19
-1.685307935529923962e-19
-1.347448780055198149e-19
-1.003432749438292193e-19
-6.546578912852374508e-20
-3.025486845466388595e-20
5.144967402284646751e-21
4.058771460629931930e-20
7.592648364611838153e-20
1.110140967609663091e-19
1.457036964810454627e-19
1.798493586023997213e-19
2.133067062438387754e-19
2.459335224419624675e-19
2.775903587173086776e-19
3.081411370321440232e-19
3.374537425583728374e-19
3.654006046828387852e-19
3.918592636968885417e-19
4.167129206476535142e-19
4.398509678700570263e-19
4.611694977711130536e-19
4.805717875015268302e-19
4.979687572238969721e-19
5.132793997717738919e-19
5.264311795892712921e-19
5.373603989465713272e-19
5.460125295422812117e-19
5.523425077287859427e-19
5.563149917311764327e-19
5.579045793735108928e-19
5.570959849776854141e-19
5.538841742594731552e-19
5.482744562128138962e-19
5.402825311465592007e-19
5.299344942170048381e-19
5.172667939839418225e-19
5.023261457069538374e-19
4.851693992915428759e-19
4.658633619905308393e-19
4.444845761643742998e-19
4.211190526035907356e-19
3.958619601167002626e-19
3.688172722869622053e-19
3.400973724999213592e-19
3.098226185404913060e-19
2.781208682520238764e-19
2.451269679397070839e-19
2.109822053858311750e-19
1.758337295239183844e-19
1.398339389917612394e-19
1.031398419490086867e-19
6.591238970225167361e-20
2.831578682890241223e-20
-9.483219370515369404e-21
-4.731606713428571437e-20
-8.501312314197648105e-20
-1.224044368796094989e-19
-1.593205031982700666e-19
-1.955930297188903656e-19
-2.310557056719231836e-19
-2.655449711186284917e-19
-2.989007926437194181e-19
-3.309674043458768162e-19
-3.615940386982043810e-19
-3.906356489996921247e-19
-4.179536123930014636e-19
-4.434164100037496648e-19
-4.669002808484936841e-19
-4.882898462352543132e-19
-5.074787014731634147e-19
-5.243699718164201604e-19
-5.388768296920797480e-19
-5.509229704008792200e-19
-5.604430436350460639e-19
-5.673830383262449774e-19
-5.717006185201007461e-19
-5.733654081703790824e-19
-5.723592229553041041e-19
-5.686762474398186135e-19
-5.623231561400976700e-19
-5.533191772893590817e-19
-5.416960983560559858e-19
-5.274982126258535625e-19
-5.107822064263107207e-19
-4.916169868467804875e-19
-4.700834500845223791e-19
-4.462741908301622251e-19
-4.202931533902046418e-19
-3.922552255298854425e-19
-3.622857763050815068e-19
-3.305201394357946488e-19
-2.971030440544480293e-19
-2.621879949387723098e-19
-2.259366046096440489e-19
-1.885178799376828561e-19
-1.501074661574513793e-19
-1.108868514329673701e-19
-7.104253535191354313e-20
-3.076516494705581769e-20
9.751357949596401905e-21
5.031079402242237848e-20
9.071550428452867544e-20
1.307674040558335945e-19
1.702689286364421352e-19
2.090240060852104186e-19
2.468390324142838456e-19
2.835238444325856214e-19
3.188926854159041192e-19
3.527651587486452988e-19
3.849671646731190084e-19
4.153318152973230523e-19
4.437003230511734367e-19
4.699228578450702235e-19
4.938593682731230821e-19
5.153803626889126035e-19
5.343676581097976222e-19
5.507150639034710346e-19
5.643289919099833108e-19
5.751290300346618018e-19
5.830484569702656582e-19
5.880346932685280221e-19
5.900496856963506700e-19
5.890702221029260284e-19
5.850881743339919567e-19
5.781106670569359120e-19
5.681601707043467435e-19
5.552745171023819083e-19
5.395068367225057913e-19
5.209254168790456115e-19
4.996134805889901234e-19
4.756688862126247747e-19
4.492037484020948142e-19
4.203439812978325912e-19
3.892287653280376448e-19
3.560099393817182339e-19
3.208513205394165368e-19
2.839279539551736346e-19
2.454252958863881028e-19
2.055383332629967756e-19
1.644706435713059784e-19
1.224333991987702979e-19
7.964432074200266032e-20
3.632658411870218812e-20
-7.292313356544933058e-21
-5.098172247517068944e-20
-9.450904148468105143e-20
-1.376409393057377263e-19
-1.801445964147619798e-19
-2.217889569984536289e-19
-2.623459858247995744e-19
-3.015919231459079467e-19
-3.393085308518895980e-19
-3.752843230339714670e-19
-4.093157740894728356e-19
-4.412084975125958034e-19
-4.707783925215966935e-19
-4.978527724785872754e-19
-5.222713858324381524e-19
-5.438873852723883492e-19
-5.625682574839744367e-19
-5.781966856229634584e-19
-5.906713386336433056e-19
-5.999075820506441565e-19
-6.058381052629552952e-19
-6.084134605921780044e-19
-6.076025099430836299e-19
-6.033927752217780405e-19
-5.957906891834171933e-19
-5.848217438656582631e-19
-5.705305342836956121e-19
-5.529806956055817728e-19
-5.322547325900611986e-19
-5.084537406506619448e-19
-4.816970185065656402e-19
-4.521215729896953614e-19
-4.198815171954965126e-19
-3.851473637887851864e-19
-3.481052159022417961e-19
-3.089558586905066399e-19
-2.679137552234378760e-19
-2.252059510144670421e-19
-1.810708920806542768e-19
-1.357571620158133193e-19
-8.952214412362771227e-20
-4.263061520029867371e-20
4.646721928112893982e-21
5.203475952295234897e-20
9.925555166263463931e-20
1.460299181282993181e-19
1.920790766154032709e-19
2.371262941114393726e-19
2.808985479970366220e-19
3.231281871941873124e-19
3.635545835042993153e-19
4.019257631520000425e-19
4.380000084865014847e-19
4.715474402557771478e-19
5.023515637423341839e-19
5.302106463786753691e-19
5.549390793385854111e-19
5.763686766311062694e-19
5.943498870998859903e-19
6.087529105827454453e-19
6.194687098881027651e-19
6.264099107057682743e-19
6.295115820883598280e-19
6.287318907147034916e-19
6.240526227760340654e-19
6.154795680073212644e-19
6.030427611168777804e-19
5.867965766444599302e-19
5.668196740978775674e-19
5.432147910767977168e-19
5.161083829858781887e-19
4.856501088628962023e-19
4.520121637963693459e-19
4.153884593761936204e-19
3.759936546043122936e-19
3.340620406850380320e-19
2.898462841100321867e-19
2.436160334451149296e-19
1.956563962087768314e-19
1.462662931986721878e-19
9.575669856616759517e-20
4.444877485356201145e-20
-7.328086913264582773e-21
-5.923831114834838947e-20
-1.109422539307001459e-19
-1.620983790863424249e-19
-2.123654810146278232e-19
-2.614049405470871511e-19
-3.088829996020474717e-19
-3.544730399536122352e-19
-3.978578510743100273e-19
-4.387318717418881972e-19
-4.768033899266094068e-19
-5.117966873337346829e-19
-5.434541726062271098e-19
-5.715383432757760676e-19
-5.958335494474126340e-19
-6.161477386444112410e-19
-6.323140772874821946e-19
-6.441924286400536136e-19
-6.516706742988886747e-19
-6.546658670469254219e-19
-6.531252037254422321e-19
-6.470268077233885857e-19
-6.363803117198458584e-19
-6.212272324474241400e-19
-6.016411304654011947e-19
-5.777275492362170031e-19
-5.496237291815684057e-19
-5.174980938477444661e-19
-4.815495068266744927e-19
-4.420062996507305667e-19
-3.991250724968269204e-19
-3.531892711890488215e-19
-3.045075456681588007e-19
-2.534118967904694994e-19
-2.002556200157624706e-19
-1.454110562321376280e-19
-8.926716163296872175e-20
-3.222691019392174226e-20
2.529545611606073869e-20
8.287731273049441434e-20
1.400906553768324906e-19
1.965052009883574899e-19
2.516915658968666958e-19
3.052244994163038385e-19
3.566861499030337977e-19
4.056693394930901078e-19
4.517808229818087250e-19
4.946445057378106967e-19
5.339045951424674054e-19
5.692286598266128615e-19
6.003105709471166413e-19
6.268732999150060999e-19
6.486715607226844208e-19
6.654943169611649259e-19
6.771668419925784343e-19
6.835525994552156410e-19
6.845549536888192300e-19
6.801186057281354076e-19
6.702307359102667055e-19
6.549218365123184387e-19
6.342662197307229543e-19
6.083821883923430514e-19
5.774318590418270511e-19
5.416206294695783403e-19
5.011962853182848351e-19
4.564477431193407578e-19
4.077034299486784450e-19
3.553293028363803292e-19
2.997303413048851303e-19
2.413330161547550591e-19
1.806047326058319910e-19
1.180346251570534377e-19
5.413459393121458441e-20
-1.056470543703407406e-20
-7.551815645009609078e-20
-1.401705733410378526e-19
-2.039612833011984579e-19
-2.663288666917952274e-19
-3.267160726115956538e-19
-3.845750660384449805e-19
-4.393721112478729458e-19
-4.905923309942736651e-19
-5.377446014940777159e-19
-5.803663648014188779e-19
-6.180283132467969116e-19
-6.503389007472036353e-19
-6.769486356086193496e-19
-6.975541096460501700e-19
-7.119017190616735519e-19
-7.197910335637811424e-19
-7.210777716917030681e-19
-7.156763422443604666e-19
-7.035619140992635730e-19
-6.847719795566178366e-19
-6.594073796485315892e-19
-6.276327636093521981e-19
-5.896764588993305663e-19
-5.458297327939973840e-19
-4.964454315746027338e-19
-4.419359887545214240e-19
-3.827707995206183088e-19
-3.194729646196922591e-19
-2.526154132356588475e-19
-1.828164209345042521e-19
-1.107345446732963175e-19
-3.706268753840974306e-20
3.747853878513287558e-20
1.121466931859152669e-19
1.861842857864199759e-19
2.588260455405593895e-19
3.293064966945597137e-19
3.968677801780882202e-19
4.607676504738205649e-19
5.202875733851365305e-19
5.747408454636147109e-19
6.234806517518620122e-19
6.659079750238297174e-19
7.014792669462778061e-19
7.297137896203087055e-19
7.502005348683552729e-19
7.626046284829584516e-19
7.666731275174201585e-19
7.622401206371030113e-19
7.492310446183504859e-19
7.276661343249381962e-19
6.976629289450350202e-19
6.594377639577645398e-19
6.133061862276002030e-19
5.596822387924244095e-19
4.990765114633939894e-19
4.320920698527805020e-19
3.594199925012967176e-19
2.818345765031969368e-19
2.001868500009940431e-19
1.153969034052861299e-19
2.844508723591899336e-20
-5.963787693524610409e-20
-1.477818099420968633e-19
-2.348889339141277501e-19
-3.198465808811542265e-19
-4.015406385434578176e-19
-4.788696039618531197e-19
-5.507590996008902149e-19
-6.161766904725195283e-19
-6.741468263554657012e-19
-7.237657195023649005e-19
-7.642159562012397351e-19
-7.947806303490307603e-19
-8.148567791478502135e-19
-8.239679020234553779e-19
-8.217751724094904270e-19
-8.080862072019033374e-19
-7.828628390609590459e-19
-7.462278173255984406e-19
-6.984696434423059786e-19
-6.400453322836615003e-19
-5.715809201952469976e-19
-4.938695586370321732e-19
-4.078670546838042384e-19
-3.146847465708186890e-19
-2.155796340039463429e-19
-1.119417191094391778e-19
-5.278554600039785280e-21
1.028029591966428284e-19
2.106174376560720135e-19
3.164243919232628442e-19
4.184545211572311282e-19
5.149408772278571426e-19
6.041443503577611528e-19
6.843812584138798665e-19
7.540542046164446166e-19
8.116836238628776938e-19
8.559395230534902315e-19
8.856728733011518190e-19
8.999460569545602018e-19
8.980617222990303415e-19
8.795893556008338518e-19
8.443888459891320058e-19
7.926302958307395410e-19
7.248093201627043702e-19
6.417562834521064105e-19
5.446335726298440231e-19
4.349335356519968120e-19
3.144728350474724994e-19
1.853776891639430249e-19
5.006134713211279154e-20
-8.880661861824046478e-20
-2.283394950963033380e-19
-3.654812086663339814e-19
-4.970626182168805955e-19
-6.198659965066527479e-19
-7.306970991036305466e-19
-8.264661856382069266e-19
-9.042757510381788623e-19
-9.614912274617494389e-19
-9.958241661593399448e-19
-1.005420864500377752e-18
-9.889501341961170944e-19
-9.456874458174277265e-19
-8.755922547224627639e-19
-7.793749159915621800e-19
-6.585492592207217674e-19
-5.154607292069158232e-19
-3.532701126136021061e-19
-1.759540019654471985e-19
1.172053699662726143e-20
2.042598542048082445e-19
3.955440316659858094e-19
5.789671154853877368e-19
7.476195779023880869e-19
8.945151948204725624e-19
1.012872515747963383e-18
1.096376998907028264e-18
1.139472166919937266e-18
1.137707739546752138e-18
1.088105095248627507e-18
9.895195470412600217e-19
8.429382711831763151e-19
6.517365503923345375e-19
4.219199190728922245e-19
1.622516396514543411e-19
-1.157931628311572151e-19
-3.983278379556051025e-19
-6.693882906569829155e-19
-9.115546768266804621e-19
-1.106944010360032801e-18
-1.238429264440314251e-18
-1.290983433562157742e-18
-1.253405910171350971e-18
-1.119960668711748971e-18
-8.922150618402503778e-19
-5.805407475818694357e-19
-2.052098461398511837e-19
2.029898797128794969e-19
6.040632772632460434e-19
9.518968785284988515e-19
1.201175173333206275e-18
1.312800811581924358e-18
1.261912270262163707e-18
1.045305184295005674e-18
6.861049717477066688e-19
2.336959865737190637e-19
-2.422521607614474730e-19
-6.633594807828156389e-19
-9.577005368590118260e-19
-1.075156295356297348e-18
-9.990229750371343101e-19
-7.505842030198243975e-19
-3.850535342484444447e-19
2.042354966877758821e-20
3.838562812063172112e-19
6.363563354138792868e-19
7.365362936135873456e-19
6.779794598626740061e-19
4.883000279275657998e-19
2.205006250166550904e-19
-6.080326621693115275e-20
-2.946558120711647456e-19
-4.368315481022324512e-19
-4.678669593908380158e-19
-3.946884755628583512e-19
-2.461239206071120072e-19
-6.398813486373968317e-20
1.077232193086623633e-19
2.328507313213089203e-19
2.901175225971311141e-19
2.759697800662281080e-19
2.030916904496365716e-19
9.547657430393633662e-20
-1.839338704283852414e-20
-1.124781614743981086e-19
-1.686487619641812056e-19
-1.796592067834038877e-19
-1.492877410495182133e-19
-8.999594116761978466e-20
-1.896576909805665866e-20
4.637739986162722574e-20
9.228324907553432998e-20
1.112359561045485898e-19
1.027686532452384144e-19
7.259115638573110335e-20
3.045899605112032457e-20
-1.256557971014934201e-20
-4.676402507663067271e-20
-6.574323484535418277e-20
-6.739870765689533386e-20
-5.378573167476875288e-20
-3.007958254840826325e-20
-2.984146643927823257e-21
2.097848563412157268e-20
3.689871938045782241e-20
4.234994289918701389e-20
3.758270451885063305e-20
2.509383593354243029e-20
8.754259127206090070e-21
-7.247912783769215010e-21
-1.938704209930194476e-20
-2.549440609274720849e-20
-2.505227192878846500e-20
-1.907803648381290551e-20
-9.681769766345456208e-21
5.582311404248739451e-22
9.236894753419338487e-21
1.463518588050174365e-20
1.600778242797782594e-20
1.361294248116124079e-20
8.514050320010337099e-21
2.229189008296572300e-21
-3.671679099419792761e-21
-7.924609611307565133e-21
-9.811020935904811377e-21
-9.241663344200682253e-21
-6.688256558005746234e-21
-2.999434842031311929e-21
8.416629475468504128e-22
3.955832235466693197e-21
5.749575632911860860e-21
6.007563849076779170e-21
4.887665676875387077e-21
2.833327218057271276e-21
4.344657378669397842e-22
-1.724830630353502719e-21
-3.195931973703567510e-21
-3.746854694610646744e-21
-3.383673233475312240e-21
-2.315760749340623939e-21
-8.805032381487150609e-22
5.500125069215372477e-22
1.656967896138998034e-21
2.238541607360960044e-21
2.238566951551137220e-21
1.738638386310548728e-21
9.205586787785699857e-22
1.167523253428980005e-23
-7.722851867077501242e-22
-1.273765285013272241e-21
-1.420403275815513066e-21
-1.229239588225542967e-21
-7.903666373389650742e-22
-2.365576919606816494e-22
2.923748651064333230e-22
6.817922754886504974e-22
8.643000395287304944e-22
8.281703862849346386e-22
6.121505919342206480e-22
2.897269090037235300e-22
-5.216193084183154986e-23
-3.344288014193263176e-22
-5.023994304123425324e-22
-5.345975926164371929e-22
-4.428833053651185241e-22
-2.651264709631953223e-22
-5.309959435572747006e-23
1.410356010051109211e-22
2.764323442574169172e-22
3.310936806090012626e-22
3.041402447433428693e-22
2.130435253478646117e-22
8.714895114636882135e-23
-4.054408134936727817e-23
-1.412648493606864091e-22
-1.963034747029773610e-22
-1.997778070914086371e-22
-1.581471848829656914e-22
-8.703813180764698406e-23
-6.468101459539677058e-24
-0.000000000000000000e+00
-0.000000000000000000e+00
-0.000000000000000000e+00
-0.000000000000000000e+00
-0.000000000000000000e+00
-0.000000000000000000e+00
-0.000000000000000000e+00
-0.000000000000000000e+00
-0.000000000000000000e+00
-0.000000000000000000e+00
-0.000000000000000000e+00
-0.000000000000000000e+00
-0.000000000000000000e+00
-0.000000000000000000e+00
-0.000000000000000000e+00
-0.000000000000000000e+00
-0.000000000000000000e+00
-0.000000000000000000e+00
-0.000000000000000000e+00
-0.000000000000000000e+00
-0.000000000000000000e+00
-0.000000000000000000e+00
-0.000000000000000000e+00
-0.000000000000000000e+00
-0.000000000000000000e+00
-0.000000000000000000e+00
-0.000000000000000000e+00
-0.000000000000000000e+00
-0.000000000000000000e+00
-0.000000000000000000e+00
-0.000000000000000000e+00
-0.000000000000000000e+00
-0.000000000000000000e+00
-0.000000000000000000e+00
-0.000000000000000000e+00
-0.000000000000000000e+00
-0.000000000000000000e+00
-0.000000000000000000e+00
-0.000000000000000000e+00
-0.000000000000000000e+00
-0.000000000000000000e+00
-0.000000000000000000e+00
-0.000000000000000000e+00
-0.000000000000000000e+00
-0.000000000000000000e+00
-0.000000000000000000e+00
-0.000000000000000000e+00
-0.000000000000000000e+00
-0.000000000000000000e+00
-0.000000000000000000e+00
-0.000000000000000000e+00
-0.000000000000000000e+00
-0.000000000000000000e+00
-0.000000000000000000e+00
-0.000000000000000000e+00
-0.000000000000000000e+00
-0.000000000000000000e+00
-0.000000000000000000e+00
-0.000000000000000000e+00
-0.000000000000000000e+00
-0.000000000000000000e+00
-0.000000000000000000e+00
-0.000000000000000000e+00
-0.000000000000000000e+00
-0.000000000000000000e+00
-0.000000000000000000e+00
-0.000000000000000000e+00
-0.000000000000000000e+00
-0.000000000000000000e+00
-0.000000000000000000e+00
-0.000000000000000000e+00
-0.000000000000000000e+00
-0.000000000000000000e+00
-0.000000000000000000e+00
-0.000000000000000000e+00
-0.000000000000000000e+00
-0.000000000000000000e+00
-0.000000000000000000e+00
-0.000000000000000000e+00
-0.000000000000000000e+00
-0.000000000000000000e+00
-0.000000000000000000e+00
-0.000000000000000000e+00
-0.000000000000000000e+00
-0.000000000000000000e+00
-0.000000000000000000e+00
-0.000000000000000000e+00
-0.000000000000000000e+00
-0.000000000000000000e+00
-0.000000000000000000e+00
-0.000000000000000000e+00
-0.000000000000000000e+00
-0.000000000000000000e+00
-0.000000000000000000e+00
-0.000000000000000000e+00
-0.000000000000000000e+00
-0.000000000000000000e+00
-0.000000000000000000e+00
-0.000000000000000000e+00
-0.000000000000000000e+00
-0.000000000000000000e+00
-0.000000000000000000e+00
-0.000000000000000000e+00
-0.000000000000000000e+00
-0.000000000000000000e+00
-0.000000000000000000e+00
-0.000000000000000000e+00
-0.000000000000000000e+00
-0.000000000000000000e+00
-0.000000000000000000e+00
-0.000000000000000000e+00
-0.000000000000000000e+00
-0.000000000000000000e+00
-0.000000000000000000e+00
-0.000000000000000000e+00
-0.000000000000000000e+00
-0.000000000000000000e+00
-0.000000000000000000e+00
-0.000000000000000000e+00
-0.000000000000000000e+00
-0.000000000000000000e+00
-0.000000000000000000e+00
-0.000000000000000000e+00
-0.000000000000000000e+00
-0.000000000000000000e+00
-0.000000000000000000e+00
-0.000000000000000000e+00
-0.000000000000000000e+00
-0.000000000000000000e+00
-0.000000000000000000e+00
-0.000000000000000000e+00
-0.000000000000000000e+00
-0.000000000000000000e+00
-0.000000000000000000e+00
-0.000000000000000000e+00
-0.000000000000000000e+00
-0.000000000000000000e+00
-0.000000000000000000e+00
-0.000000000000000000e+00
-0.000000000000000000e+00
-0.000000000000000000e+00
-0.000000000000000000e+00
-0.000000000000000000e+00
-0.000000000000000000e+00
-0.000000000000000000e+00
-0.000000000000000000e+00
-0.000000000000000000e+00
-0.000000000000000000e+00
-0.000000000000000000e+00
-0.000000000000000000e+00
-0.000000000000000000e+00
-0.000000000000000000e+00
-0.000000000000000000e+00
-0.000000000000000000e+00
-0.000000000000000000e+00
-0.000000000000000000e+00
-0.000000000000000000e+00
-0.000000000000000000e+00
-0.000000000000000000e+00
-0.000000000000000000e+00
-0.000000000000000000e+00
-0.000000000000000000e+00
-0.000000000000000000e+00
-0.000000000000000000e+00
-0.000000000000000000e+00
-0.000000000000000000e+00
-0.000000000000000000e+00
-0.000000000000000000e+00
-0.000000000000000000e+00
-0.000000000000000000e+00
-0.000000000000000000e+00
-0.000000000000000000e+00
-0.000000000000000000e+00
-0.000000000000000000e+00
-0.000000000000000000e+00
-0.000000000000000000e+00
-0.000000000000000000e+00
-0.000000000000000000e+00
-0.000000000000000000e+00
-0.000000000000000000e+00
-0.000000000000000000e+00
-0.000000000000000000e+00
-0.000000000000000000e+00
-0.000000000000000000e+00
-0.000000000000000000e+00
-0.000000000000000000e+00
-0.000000000000000000e+00
-0.000000000000000000e+00
-0.000000000000000000e+00
-0.000000000000000000e+00
-0.000000000000000000e+00
-0.000000000000000000e+00
-0.000000000000000000e+00
-0.000000000000000000e+00
-0.000000000000000000e+00
-0.000000000000000000e+00
-0.000000000000000000e+00
-0.000000000000000000e+00
-0.000000000000000000e+00
-0.000000000000000000e+00
-0.000000000000000000e+00
-0.000000000000000000e+00
-0.000000000000000000e+00
-0.000000000000000000e+00
-0.000000000000000000e+00
-0.000000000000000000e+00
-0.000000000000000000e+00
-0.000000000000000000e+00
-0.000000000000000000e+00
-0.000000000000000000e+00
-0.000000000000000000e+00
-0.000000000000000000e+00
-0.000000000000000000e+00
-0.000000000000000000e+00
-0.000000000000000000e+00
-0.000000000000000000e+00
-0.000000000000000000e+00
-0.000000000000000000e+00
-0.000000000000000000e+00
-0.000000000000000000e+00
-0.000000000000000000e+00
-0.000000000000000000e+00
-0.000000000000000000e+00
-0.000000000000000000e+00
-0.000000000000000000e+00
-0.000000000000000000e+00
-0.000000000000000000e+00
-0.000000000000000000e+00
-0.000000000000000000e+00
-0.000000000000000000e+00
-0.000000000000000000e+00
-0.000000000000000000e+00
-0.000000000000000000e+00
-0.000000000000000000e+00
-0.000000000000000000e+00
-0.000000000000000000e+00
-0.000000000000000000e+00
-0.000000000000000000e+00
-0.000000000000000000e+00
-0.000000000000000000e+00
-0.000000000000000000e+00
-0.000000000000000000e+00
-0.000000000000000000e+00
-0.000000000000000000e+00
-0.000000000000000000e+00
-0.000000000000000000e+00
-0.000000000000000000e+00
-0.000000000000000000e+00
-0.000000000000000000e+00
-0.000000000000000000e+00
-0.000000000000000000e+00
-0.000000000000000000e+00
-0.000000000000000000e+00
-0.000000000000000000e+00
-0.000000000000000000e+00
-0.000000000000000000e+00
-0.000000000000000000e+00
-0.000000000000000000e+00
-0.000000000000000000e+00
-0.000000000000000000e+00
-0.000000000000000000e+00
-0.000000000000000000e+00
-0.000000000000000000e+00
-0.000000000000000000e+00
-0.000000000000000000e+00
-0.000000000000000000e+00
-0.000000000000000000e+00
-0.000000000000000000e+00
-0.000000000000000000e+00
-0.000000000000000000e+00
-0.000000000000000000e+00
-0.000000000000000000e+00
-0.000000000000000000e+00
-0.000000000000000000e+00
-0.000000000000000000e+00
-0.000000000000000000e+00
-0.000000000000000000e+00
-0.000000000000000000e+00
-0.000000000000000000e+00
-0.000000000000000000e+00
-0.000000000000000000e+00
-0.000000000000000000e+00
-0.000000000000000000e+00
-0.000000000000000000e+00
-0.000000000000000000e+00
-0.000000000000000000e+00
-0.000000000000000000e+00
-0.000000000000000000e+00
-0.000000000000000000e+00
-0.000000000000000000e+00
-0.000000000000000000e+00
-0.000000000000000000e+00
-0.000000000000000000e+00
-0.000000000000000000e+00
-0.000000000000000000e+00
-0.000000000000000000e+00
-0.000000000000000000e+00
-0.000000000000000000e+00
-0.000000000000000000e+00
-0.000000000000000000e+00
-0.000000000000000000e+00
-0.000000000000000000e+00
-0.000000000000000000e+00
-0.000000000000000000e+00
-0.000000000000000000e+00
-0.000000000000000000e+00
-0.000000000000000000e+00
-0.000000000000000000e+00
-0.000000000000000000e+00
