5.239342127674294858e+01
4.809511122894207347e+01
4.076363937013857708e+01
3.734114521490565153e+01
4.188758113321709686e+01
5.245975128514403707e+01
6.190156919384615009e+01
6.235807785925567970e+01
5.074820143953820661e+01
3.142425119857510296e+01
1.390019257582617662e+01
6.761451308195630894e+00
1.168078749224431334e+01
2.169172811433839243e+01
2.526764064044020230e+01
1.385505655353134102e+01
-1.203555760448218592e+01
-4.237568422863103734e+01
-6.340102497029886308e+01
-6.607292710063622110e+01
-5.170219383510094247e+01
-3.098497429992552554e+01
-1.704283590550377170e+01
-1.705036584673356614e+01
-2.803464381533560612e+01
-3.956346204072774242e+01
-4.140347595250668178e+01
-3.080750000436064440e+01
-1.440861925714972536e+01
-3.413482923673285985e+00
-5.509206623772902489e+00
-1.911616865862395898e+01
-3.409280183770719219e+01
-3.846295791903519756e+01
-2.656392822112090002e+01
-2.954887564292528523e+00
2.066780131737209913e+01
3.347436658311756474e+01
3.292219281481533244e+01
2.643581633978848799e+01
2.608390006349804580e+01
3.980368168669445339e+01
6.516251761646368834e+01
8.997097379145331786e+01
9.954109979580930201e+01
8.589593456109022895e+01
5.293975906626553751e+01
1.422953654162589743e+01
-1.519207424687077967e+01
-2.760705995390364365e+01
-2.650161227810202291e+01
-2.327179615270518909e+01
-2.912120907378695378e+01
-4.753446211018923862e+01
-7.207613905275398736e+01
-9.066979358980140091e+01
-9.332679104020671446e+01
-7.830562665904452047e+01
-5.289864234684839772e+01
-2.868324760672608420e+01
-1.450189515769461579e+01
-1.163061828556002020e+01
-1.387438959150133044e+01
-1.207845618942633692e+01
1.028774083625524915e-01
2.276569999195254468e+01
5.035470699343654388e+01
7.532462648814477291e+01
9.213815544014694581e+01
9.910485160452780917e+01
9.740265271652626211e+01
8.860649163244404747e+01
7.289521760671699724e+01
4.929647685008800551e+01
1.761891416395089749e+01
-1.961183836022320648e+01
-5.685487244946639862e+01
-8.728268824228507583e+01
-1.054282032283317676e+02
-1.089247696390719113e+02
-9.830142437592681404e+01
-7.528481848575914626e+01
-4.132225134980701853e+01
2.118598808648424647e+00
5.134769189119041499e+01
9.809218851004735029e+01
1.295093565386519003e+02
1.320518621576973999e+02
9.819458033082591442e+01
3.257951116271701153e+01
-4.650280084094137578e+01
-1.124564157787878145e+02
-1.410856000437534590e+02
-1.217950884253586992e+02
-6.342700739168436286e+01
8.863014102020216001e+00
6.475956721773978586e+01
8.269473236591397836e+01
5.952693502849125906e+01
1.107040440891134736e+01
-3.669732793106299340e+01
-6.099879724666770642e+01
-5.314863924827229624e+01
-2.147307740842484591e+01
1.474605210632607388e+01
3.647374237404090280e+01
3.492404277647229804e+01
1.507958510930905227e+01
-8.581543056007703285e+00
-2.111763401516067873e+01
-1.549848451220730894e+01
4.245714390003989536e+00
2.634067804021960768e+01
3.856759652305483144e+01
3.507671153327591895e+01
1.897051245495353555e+01
-3.206362486161951630e-01
-1.285970265744367325e+01
-1.362918118511101007e+01
-4.644990702548764006e+00
7.012151692595359975e+00
1.365671231233798011e+01
1.121908474772237341e+01
1.024841677064936896e+00
-1.147695075121397501e+01
-1.995936434364252321e+01
-2.050362386638081347e+01
-1.332135949478549897e+01
-2.302750442093165706e+00
7.084606566874312783e+00
1.039552721836551719e+01
6.127677375630082857e+00
-3.716064984972474061e+00
-1.456871198860925709e+01
-2.125309472639304431e+01
-2.017504650119289522e+01
-1.088245668822474777e+01
3.698267961528219239e+00
1.847657065243139840e+01
2.834394377113802932e+01
3.027790729676950576e+01
2.438763034401868524e+01
1.342140775164082811e+01
