-2.011728286743164062e-02
-1.962900161743164062e-02
-1.914072036743164062e-02
-1.865243911743164062e-02
-1.816415786743164062e-02
-1.767587661743164062e-02
-1.718759536743164062e-02
-1.669931411743164062e-02
-1.621103286743164062e-02
-1.572275161743164062e-02
-1.523447036743164062e-02
-1.474618911743164062e-02
-1.425790786743164062e-02
-1.376962661743164062e-02
-1.328134536743164062e-02
-1.279306411743164062e-02
-1.230478286743164062e-02
-1.181650161743164062e-02
-1.132822036743164062e-02
-1.083993911743164062e-02
-1.035165786743164062e-02
-9.863376617431640625e-03
-9.375095367431640625e-03
-8.886814117431640625e-03
-8.398532867431640625e-03
-7.910251617431640625e-03
-7.421970367431640625e-03
-6.933689117431640625e-03
-6.445407867431640625e-03
-5.957126617431640625e-03
-5.468845367431640625e-03
-4.980564117431640625e-03
-4.492282867431640625e-03
-4.004001617431640625e-03
-3.515720367431640625e-03
-3.027439117431640625e-03
-2.539157867431640625e-03
-2.050876617431640625e-03
-1.562595367431640625e-03
-1.074314117431640625e-03
-5.860328674316406250e-04
-9.775161743164062500e-05
3.905296325683593750e-04
8.788108825683593750e-04
1.367092132568359375e-03
1.855373382568359375e-03
2.343654632568359375e-03
2.831935882568359375e-03
3.320217132568359375e-03
3.808498382568359375e-03
4.296779632568359375e-03
4.785060882568359375e-03
5.273342132568359375e-03
5.761623382568359375e-03
6.249904632568359375e-03
6.738185882568359375e-03
7.226467132568359375e-03
7.714748382568359375e-03
8.203029632568359375e-03
8.691310882568359375e-03
9.179592132568359375e-03
9.667873382568359375e-03
1.015615463256835938e-02
1.064443588256835938e-02
1.113271713256835938e-02
1.162099838256835938e-02
1.210927963256835938e-02
1.259756088256835938e-02
1.308584213256835938e-02
1.357412338256835938e-02
1.406240463256835938e-02
1.455068588256835938e-02
1.503896713256835938e-02
1.552724838256835938e-02
1.601552963256835938e-02
1.650381088256835938e-02
1.699209213256835938e-02
1.748037338256835938e-02
1.796865463256835938e-02
1.845693588256835938e-02
1.894521713256835938e-02
1.943349838256835938e-02
1.992177963256835938e-02
2.041006088256835938e-02
2.089834213256835938e-02
2.138662338256835938e-02
2.187490463256835938e-02
2.236318588256835938e-02
2.285146713256835938e-02
2.333974838256835938e-02
2.382802963256835938e-02
2.431631088256835938e-02
2.480459213256835938e-02
2.529287338256835938e-02
2.578115463256835938e-02
2.626943588256835938e-02
2.675771713256835938e-02
2.724599838256835938e-02
2.773427963256835938e-02
2.822256088256835938e-02
2.871084213256835938e-02
2.919912338256835938e-02
2.968740463256835938e-02
3.017568588256835938e-02
3.066396713256835938e-02
3.115224838256835938e-02
3.164052963256835938e-02
3.212881088256835938e-02
3.261709213256835938e-02
3.310537338256835938e-02
3.359365463256835938e-02
3.408193588256835938e-02
3.457021713256835938e-02
3.505849838256835938e-02
3.554677963256835938e-02
3.603506088256835938e-02
3.652334213256835938e-02
3.701162338256835938e-02
3.749990463256835938e-02
3.798818588256835938e-02
3.847646713256835938e-02
3.896474838256835938e-02
3.945302963256835938e-02
3.994131088256835938e-02
4.042959213256835938e-02
4.091787338256835938e-02
4.140615463256835938e-02
4.189443588256835938e-02
4.238271713256835938e-02
4.287099838256835938e-02
4.335927963256835938e-02
4.384756088256835938e-02
4.433584213256835938e-02
4.482412338256835938e-02
4.531240463256835938e-02
4.580068588256835938e-02
4.628896713256835938e-02
4.677724838256835938e-02
4.726552963256835938e-02
4.775381088256835938e-02
4.824209213256835938e-02
4.873037338256835938e-02
4.921865463256835938e-02
