-2.479944945245447564e-19
-2.435917721312497210e-19
-2.382676370373699432e-19
-2.320408329751745103e-19
-2.249337749659927481e-19
-2.169722661290728415e-19
-2.081854066262985695e-19
-1.986054700061683053e-19
-1.882677610262843238e-19
-1.772105123238860464e-19
-1.654747497646679540e-19
-1.531041434317078581e-19
-1.401448481599676842e-19
-1.266453341851458575e-19
-1.126562085154378604e-19
-9.823002767241129922e-20
-8.342110248257575445e-20
-6.828529563416820722e-20
-5.287981274405764800e-20
-3.726298770735764520e-20
-2.149406312721133494e-20
-5.632966644166779733e-21
1.025991599650709665e-20
2.612397028538600186e-20
4.189858383051892350e-20
5.752337786637692629e-20
7.293843795095894163e-20
8.808454445561805588e-20
1.029034015319358052e-19
1.173378625515638265e-19
1.313321517753432371e-19
1.448320814125371415e-19
1.577852632215418984e-19
1.701413138209622903e-19
1.818520529007253697e-19
1.928716935469067925e-19
2.031570239210779752e-19
2.126675795651565773e-19
2.213658056358687882e-19
2.292172084088839483e-19
2.361904954313477539e-19
2.422577037427756094e-19
2.473943156279358642e-19
2.515793614112866092e-19
2.547955088505788149e-19
2.570291387372091612e-19
2.582704063626380202e-19
2.585132885634638537e-19
2.577556161123957592e-19
2.559990912781588909e-19
2.532492904341152431e-19
2.495156516528548772e-19
2.448114472819977051e-19
2.391537415547240985e-19
2.325633333468854034e-19
2.250646842507267693e-19
2.166858321930405708e-19
2.074582908827387002e-19
1.974169354291625266e-19
1.865998745277147406e-19
1.750483096633713701e-19
1.628063818351124501e-19
1.499210063550585620e-19
1.364416963249475067e-19
1.224203754392818849e-19
1.079111808088827149e-19
9.297025654046736048e-20
7.765553884707809734e-20
6.202653350054944435e-20
4.614408647055555137e-20
3.007014862497887057e-20
1.386753539326117139e-20
-2.400317682110289929e-21
-1.866960256993888291e-20
-3.487638937322948603e-20
-5.095687796533876767e-20
-6.684764789384589218e-20
-8.248590869746727308e-20
-9.780974864657237960e-20
-1.127583807721348369e-19
-1.272723852043145906e-19
-1.412939468522932233e-19
-1.547670874713040214e-19
-1.676378911809172649e-19
-1.798547225205639861e-19
-1.913684361538982038e-19
-2.021325773628527314e-19
-2.121035725050351405e-19
-2.212409086443167691e-19
-2.295073016039885107e-19
-2.368688517345228788e-19
-2.432951867336699978e-19
-2.487595909051431681e-19
-2.532391202933417144e-19
-2.567147031852385825e-19
-2.591712255265148243e-19
-2.605976008570470400e-19
-2.609868244307357331e-19
-2.603360112461580983e-19
-2.586464177774211633e-19
-2.559234472586240888e-19
-2.521766384402662492e-19
-2.474196378015133205e-19
-2.416701552681888039e-19
-2.349499035524410689e-19
-2.272845212959768543e-19
-2.187034802642926693e-19
-2.092399769042054797e-19
-1.989308086409226994e-19
-1.878162353536499806e-19
-1.759398265300211808e-19
-1.633482946592481681e-19
-1.500913154815209802e-19
-1.362213357666512037e-19
-1.217933693479764088e-19
-1.068647821879046779e-19
-9.149506729899879169e-20
-7.574561038889537088e-20
-5.967944713852579869e-20
-4.336101306077921161e-20
-2.685588692081635858e-20
-1.023052872950770467e-20
6.447986652173030653e-21
2.311223923770249555e-20
3.969473589028369187e-20
5.612818345678206536e-20
7.234576197456982923e-20
8.828139713486090556e-20
1.038700300529990904e-19
1.190478834899152260e-19
1.337527241801107836e-19
1.479241197509033764e-19
1.615036891475800785e-19
1.744353455213984961e-19
1.866655305633213406e-19
1.981434392966129768e-19
2.088212343758206225e-19
2.186542489781103183e-19
2.276011774153118158e-19
2.356242526411671010e-19
2.426894098780228579e-19
2.487664356403880495e-19
2.538291014891694071e-19
2.578552819098160992e-19
2.608270557698027778e-19
2.627307908756364704e-19
2.635572112166275956e-19
2.633014465517571553e-19
2.619630640668406994e-19
2.595460819015374534e-19
2.560589644193112487e-19
2.515145991679054810e-19
2.459302555529633115e-19
2.393275253227870773e-19
2.317322450375890937e-19
2.231744007716313366e-19
2.136880153710533225e-19
2.033110186636706597e-19
1.920851010892446658e-19
1.800555512893926522e-19
1.672710782651408268e-19
1.537836187767620262e-19
1.396481307248039277e-19
1.249223733126956044e-19
1.096666748498584655e-19
9.394368910951515978e-20
7.781814120716396269e-20
6.135656401372819040e-20
4.462702616147244988e-20
2.769885274069651446e-20
1.064233982079393727e-20
-6.471536039708134224e-21
-2.357141210314959135e-20
-4.058583637027049285e-20
-5.744356587617212301e-20
-7.407386512406281324e-20
-9.040680340969682405e-20
-1.063735497881770571e-19
-1.219066644387377924e-19
-1.369403851372821245e-19
-1.514109071792687722e-19
-1.652566567951780665e-19
-1.784185563037036300e-19
-1.908402793534630269e-19
-2.024684954660340329e-19
-2.132531028123868777e-19
-2.231474481942852986e-19
-2.321085332511848639e-19
-2.400972059664962594e-19
-2.470783366046299888e-19
-2.530209772717709837e-19
-2.578985043585926178e-19
-2.616887431918945822e-19
-2.643740742941332113e-19
-2.659415207247424059e-19
-2.663828160547203848e-19
-2.656944526058469953e-19
-2.638777096678111697e-19
-2.609386614900955157e-19
-2.568881649303689258e-19
-2.517418267270123726e-19
-2.455199504498900700e-19
-2.382474632702154188e-19
-2.299538227769917970e-19
-2.206729041536290535e-19
-2.104428681136334241e-19
-1.993060100783034359e-19
-1.873085911618379371e-19
-1.745006516097629592e-19
-1.609358074147783219e-19
-1.466710309096631355e-19
-1.317664162094109855e-19
-1.162849304439755140e-19
-1.002921517885604825e-19
-8.385599535999450734e-20
-6.704642810511343944e-20
-4.993517385988927010e-20
-3.259540980616909852e-20
-1.510145559592941901e-20
2.471543549187356483e-21
2.004793842284070681e-20
3.755190073645570868e-20
5.490774995103699988e-20
7.204028063501118199e-20
8.887508893551479255e-20
1.053388967473654118e-19
1.213598721668900797e-19
1.368679448268259996e-19
1.517951147237085185e-19
1.660757531704673864e-19
1.796468945342838683e-19
1.924485174531178001e-19
2.044238142869262390e-19
2.155194477130716078e-19
2.256857930264575317e-19
2.348771650454616019e-19
2.430520286727887256e-19
2.501731921079075878e-19
2.562079817931070887e-19
2.611283982504390387e-19
2.649112520461337600e-19
2.675382792021839339e-19
2.689962354613625370e-19
2.692769689015914000e-19
2.683774704879684508e-19
2.662999022454745123e-19
2.630516028320349042e-19
2.586450703897848998e-19
2.530979226516626947e-19
2.464328343804025740e-19
2.386774523171725699e-19
2.298642879170946620e-19
2.200305882481907995e-19
2.092181855285645359e-19
1.974733258733145867e-19
1.848464779174401736e-19
1.713921220733294373e-19
1.571685212709447433e-19
1.422374741151113935e-19
1.266640514769492674e-19
1.105163176151081922e-19
9.386503699665914014e-20
7.678336805695434938e-20
5.934654520209309515e-20
4.163155041653773720e-20
2.371677589163778194e-20
5.681679138012454259e-21
-1.239356791433981333e-20
-3.042843428978707820e-20
-4.834238824848670760e-20
-6.605525688829582346e-20
-8.348758546594126238e-20
-1.005609948293343062e-19
-1.171985353530867467e-19
-1.333250357767387762e-19
-1.488674453598245523e-19
-1.637551677897702670e-19
-1.779203853075731176e-19
-1.912983715522911596e-19
-2.038277916683504781e-19
-2.154509882695028459e-19
-2.261142519096727560e-19
-2.357680747737847214e-19
-2.443673863706736026e-19
-2.518717700853797213e-19
-2.582456599437668046e-19
-2.634585164590237603e-19
-2.674849784616626485e-19
-2.703049930155040591e-19
-2.719039220484966867e-19
-2.722726248585738754e-19
-2.714075160137694427e-19
-2.693105982748770354e-19
-2.659894702803300278e-19
-2.614573088462030415e-19
-2.557328258488031482e-19
-2.488401997726994919e-19
-2.408089821227389659e-19
-2.316739790140579160e-19
-2.214751083688275885e-19
-2.102572332619238163e-19
-1.980699720693448613e-19
-1.849674861825517090e-19
-1.710082461583609373e-19
-1.562547772771937211e-19
-1.407733855817828567e-19
-1.246338655634182040e-19
-1.079091907530562741e-19
-9.067518855955555256e-20
-7.301020077667604535e-20
-5.499473125374013396e-20
-3.671108229168837570e-20
-1.824298138636787765e-20
3.248000061867181368e-22
1.890683396213306952e-20
3.741742808158214481e-20
5.577102019147780062e-20
7.388257394930787549e-20
9.166797352370577520e-20
1.090444155225401037e-19
1.259307963422125480e-19
1.422480931233415362e-19
1.579197365180655108e-19
1.728719735025849648e-19
1.870342185054197998e-19
2.003393911668838963e-19
2.127242390984584042e-19
2.241296440718161408e-19
2.345009101359840690e-19
2.437880322373145744e-19
2.519459440001808248e-19
2.589347434163577527e-19
2.647198952874761145e-19
2.692724093673463413e-19
2.725689932589198219e-19
2.745921792336988268e-19
2.753304242590387119e-19
2.747781826392387071e-19
2.729359506177985968e-19
2.698102823511243868e-19
2.654137779355299486e-19
2.597650431775854423e-19
2.528886209658817871e-19
2.448148944356576175e-19
2.355799622502631720e-19
2.252254864564644538e-19
2.137985135022931932e-19
2.013512691358863660e-19
1.879409280309412250e-19
1.736293591083659053e-19
1.584828476438793100e-19
1.425717953670939580e-19
1.259703998683760927e-19
1.087563147350770883e-19
9.101029193787207985e-20
7.281580808056654001e-20
5.425867621225325141e-20
3.542664497868945352e-20
1.640898695983598335e-20
-2.703921897808616936e-21
-2.182102979243012058e-20
-4.085104151600016902e-20
-5.970285380087665276e-20
-7.828599149829268127e-20
-9.651104250761278228e-20
-1.142900893695695167e-19
-1.315371354409776951e-19
-1.481685235826610031e-19
-1.641033453166360249e-19
-1.792638384427733150e-19
-1.935757711492755677e-19
-2.069688107050785485e-19
-2.193768748856445269e-19
-2.307384643562213184e-19
-2.409969743183146617e-19
-2.501009838154359787e-19
-2.580045211928416389e-19
-2.646673043125562878e-19
-2.700549542389243433e-19
-2.741391812309353696e-19
-2.768979420048816247e-19
-2.783155673641454275e-19
-2.783828594313541184e-19
-2.770971578612014491e-19
-2.744623745592580464e-19
-2.704889965823701006e-19
-2.651940570491010515e-19
-2.586010740433392995e-19
-2.507399576500076131e-19
-2.416468854179043588e-19
-2.313641466478039750e-19
-2.199399550488084373e-19
-2.074282326879891870e-19
-1.938883663562767918e-19
-1.793849351626327469e-19
-1.639874114835154234e-19
-1.477698366471717696e-19
-1.308104728163006103e-19
-1.131914326580199056e-19
-9.499828850851985814e-20
-7.631966285073428446e-20
-5.724680202594834787e-20
-3.787313519432206589e-20
-1.829382064386416252e-20
1.394718377699542927e-21
2.109526606899120479e-20
4.071029242589024262e-20
6.014243520094229732e-20
7.929498310323214425e-20
9.807235785028259327e-20
1.163805926748986727e-19
1.341278048931177115e-19
1.512246601544579866e-19
1.675848260226824804e-19
1.831254125742114339e-19
1.977673977519064563e-19
2.114360352742893801e-19
2.240612429738706894e-19
2.355779695230761194e-19
2.459265376018314308e-19
2.550529616667651496e-19
2.629092385979463437e-19
2.694536096243453681e-19
2.746507920634475245e-19
2.784721795529407083e-19
2.808960096024965284e-19
2.819074974507701446e-19
2.814989353759705801e-19
2.796697567770824453e-19
2.764265645161306446e-19
2.717831231890050048e-19
2.657603151723957712e-19
2.583860604764897566e-19
2.496952006162878097e-19
2.397293468978475483e-19
2.285366936985185010e-19
2.161717975012949414e-19
2.026953226219969464e-19
1.881737547429972275e-19
1.726790835378370243e-19
1.562884558364376777e-19
1.390838009396603515e-19
1.211514298441002664e-19
1.025816102679683585e-19
8.346811944988334989e-20
6.390777722087852600e-20
4.399996134094365951e-20
2.384610742028388574e-20
3.549196008502560704e-21
-1.678677058479591931e-20
-3.705729910657743687e-20
-5.715794112681344237e-20
-7.698483102479868561e-20
-9.643522343661739566e-20
-1.154080273901695604e-19
-1.338043343534863950e-19
-1.515279374358136030e-19
-1.684858390088843160e-19
-1.845887440582228339e-19
-1.997515366308985813e-19
-2.138937368167744156e-19
-2.269399357847850641e-19
-2.388202064936813952e-19
-2.494704878077253303e-19
-2.588329398714505746e-19
-2.668562687333115873e-19
-2.734960183552674047e-19
-2.787148283032977463e-19
-2.824826555819550700e-19
-2.847769592533653464e-19
-2.855828466668598946e-19
-2.848931803187189333e-19
-2.827086445613520632e-19
-2.790377715867067996e-19
-2.738969263186792654e-19
-2.673102500628046415e-19
-2.593095629773691729e-19
-2.499342256472788080e-19
-2.392309602592920878e-19
-2.272536320935828567e-19
-2.140629922607466596e-19
-1.997263828242235418e-19
-1.843174056546034803e-19
-1.679155565630834298e-19
-1.506058264555813544e-19
-1.324782714354663753e-19
-1.136275539603727661e-19
-9.415245732647675824e-20
-7.415537591045861503e-20
-5.374178374463850869e-20
-3.301968413340912656e-20
-1.209904313816113916e-20
8.908790136980877545e-21
2.989167343628971872e-20
5.073726832336137846e-20
7.133364107618058168e-20
9.156986449862473734e-20
1.113366179141760081e-19
1.305267800050889919e-19
1.490360128819859740e-19
1.667633342902890726e-19
1.836116745143423632e-19
1.994884148897660079e-19
2.143059049132235268e-19
2.279819550339021567e-19
2.404403023227703583e-19
2.516110463433683188e-19
2.614310526910741878e-19
2.698443218257885673e-19
2.768023209951120482e-19
2.822642772304523186e-19
2.861974295963359203e-19
2.885772390823639555e-19
2.893875547469238209e-19
2.886207349506246021e-19
2.862777227544692928e-19
2.823680748016817748e-19
2.769099432516601715e-19
2.699300105883687848e-19
2.614633773823114318e-19
2.515534033436163830e-19
2.402515022623126008e-19
2.276168916892494916e-19
2.137162984657197963e-19
1.986236214604613280e-19
1.824195531177517678e-19
1.651911616584617623e-19
1.470314360058461724e-19
1.280387957280767660e-19
1.083165684988316531e-19
8.797243777448154424e-20
6.711786357005703866e-20
4.586747938554556202e-20
2.433846848763778088e-20
2.649922889140240732e-21
-1.907781151210171354e-20
-4.072380007179581176e-20
-6.216719116989769455e-20
-8.328789090572919239e-20
-1.039672369671978218e-19
-1.240886679023203111e-19
-1.435383840203011042e-19
-1.622059962349051089e-19
-1.799851609511055162e-19
-1.967741935574991348e-19
-2.124766561961369253e-19
-2.270019212893652220e-19
-2.402657053904360976e-19
-2.521905700278054606e-19
-2.627063865200852825e-19
-2.717507619202954641e-19
-2.792694234472357082e-19
-2.852165589774218287e-19
-2.895551114022289645e-19
-2.922570249002859244e-19
-2.933034414336783219e-19
-2.926848460466817858e-19
-2.904011598262038712e-19
-2.864617796723468032e-19
-2.808855643239442050e-19
-2.737007663859510723e-19
-2.649449104115476099e-19
-2.546646173999785639e-19
-2.429153763798194886e-19
-2.297612640547575714e-19
-2.152746137932778783e-19
-1.995356355432188444e-19
-1.826319885450719335e-19
-1.646583090025126530e-19
-1.457156951433149058e-19
-1.259111523666085786e-19
-1.053570014220957009e-19
-8.417025280148063730e-20
-6.247195074065215595e-20
-4.038649043178002176e-20
-1.804091222574171682e-20
4.435823233538432912e-21
2.691357486172948072e-20
4.926177177554914001e-20
7.135017043103481634e-20
9.304961389725576543e-20
1.142327888590689807e-19
1.347749759232017304e-19
1.545547888079792218e-19
1.734548980288984429e-19
1.913627347502590630e-19
2.081711705565602325e-19
2.237791690067100296e-19
2.380924049684669635e-19
2.510238481280194863e-19
2.624943080080460110e-19
2.724329321121241140e-19
2.807776583432211862e-19
2.874756194701545984e-19
2.924834955754412965e-19
2.957678120542400626e-19
2.973051810480053787e-19
2.970824845145485477e-19
2.950969974676180144e-19
2.913564502621208798e-19
2.858790291537823023e-19
2.786933147223581983e-19
2.698381581134718507e-19
2.593624954235362253e-19
2.473251009230147147e-19
2.337942801831259644e-19
2.188475045379277134e-19
2.025709886752602616e-19
1.850592135039696857e-19
1.664143967892834476e-19
1.467459143805528551e-19
1.261696751741993421e-19
1.048074532571803488e-19
8.278618096075018380e-20
6.023720681909608760e-20
3.729552267020442363e-20
1.409896435611223723e-20
-9.212609325667401934e-21
-3.249815459943268695e-20
-5.561629265629903100e-20
-7.842616649414843017e-20
-1.007882994972876236e-19
-1.225654505490566533e-19
-1.436234604499978698e-19
-1.638320844252513990e-19
-1.830658055478564424e-19
-2.012046239794166124e-19
-2.181348170363440289e-19
-2.337496652280606605e-19
-2.479501395825872414e-19
-2.606455457744778103e-19
-2.717541207986792342e-19
-2.812035781909624315e-19
-2.889315980795018709e-19
-2.948862586616447714e-19
-2.990264060332341973e-19
-3.013219594261315714e-19
-3.017541487515772724e-19
-3.003156843130498019e-19
-2.970108568747331988e-19
-2.918555664411001555e-19
-2.848772790954966833e-19
-2.761149116527781580e-19
-2.656186443276724261e-19
-2.534496620701616033e-19
-2.396798256689890047e-19
-2.243912741717667112e-19
-2.076759606119983006e-19
-1.896351234671468242e-19
-1.703786966945673459e-19
-1.500246616011717672e-19
-1.286983441952159508e-19
-1.065316620420439877e-19
-8.366232499742200596e-20
-6.023299451979888712e-20
-3.639040656405344537e-20
-1.228446333198765328e-20
1.193270060323512363e-20
3.610767207194995247e-20
6.008672708020832661e-20
8.371680653776833351e-20
1.068464937976180580e-19
1.293269877983439933e-19
1.510130655747755477e-19
1.717640279161703513e-19
1.914446220048081950e-19
2.099259349612310697e-19
2.270862523557237929e-19
2.428118759181837789e-19
2.569978948898995954e-19
2.695489057098182478e-19
2.803796750136282276e-19
2.894157412448628656e-19
2.965939505316689966e-19
3.018629228688986139e-19
3.051834450607267189e-19
3.065287873216188298e-19
3.058849409007295115e-19
3.032507745838492768e-19
2.986381084350052080e-19
2.920717036635976146e-19
2.835891680393651961e-19
2.732407768057174098e-19
2.610892086620088195e-19
2.472091988001326138e-19
2.316871126537709761e-19
2.146204399049494185e-19
1.961172120550523850e-19
1.762953468796944560e-19
1.552819235109609390e-19
1.332123923812879060e-19
1.102297247313393542e-19
8.648350682605279522e-20
6.212898443562635765e-20
3.732606351831869466e-20
1.223827338669757024e-20
-1.296830105422141268e-20
-3.812611114225231330e-20
-6.306725328857998348e-20
-8.762458754657459526e-20
-1.116328585298021905e-19
-1.349298112055779456e-19
-1.573572940553680245e-19
-1.787623421077411962e-19
-1.989982324146729280e-19
-2.179255046575009732e-19
-2.354129397346938837e-19
-2.513384893994986181e-19
-2.655901502802434817e-19
-2.780667759288222318e-19
-2.886788209018238766e-19
-2.973490112821918479e-19
-3.040129364949789495e-19
-3.086195577561835225e-19
-3.111316290160178200e-19
-3.115260268141693997e-19
-3.097939860512727578e-19
-3.059412392943460095e-19
-2.999880578704338496e-19
-2.919691936581338294e-19
-2.819337211567396782e-19
-2.699447800931113622e-19
-2.560792195123692229e-19
-2.404271449856669906e-19
-2.230913712517047443e-19
-2.041867832836692736e-19
-1.838396094352034923e-19
-1.621866109628258459e-19
-1.393741928436571453e-19
-1.155574410330610064e-19
-9.089908872670974284e-20
-6.556842701745996621e-20
-3.974016438119172338e-20
-1.359323800462733387e-20
1.269041286666398981e-20
3.892710326215057091e-20
6.493267995888195300e-20
9.052381131693795813e-20
1.155192805282609618e-19
1.397412732166442526e-19
1.630166502761522320e-19
1.851781968484185875e-19
2.060658384167389407e-19
2.255278151367783358e-19
2.434218057302253139e-19
2.596159925378016482e-19
2.739900596609423090e-19
2.864361165153879095e-19
2.968595395731118012e-19
3.051797255787202144e-19
3.113307500900864735e-19
3.152619258070029366e-19
3.169382558123882820e-19
3.163407775540254871e-19
3.134667941363187748e-19
3.083299902664430541e-19
3.009604310022985971e-19
2.914044422755517753e-19
2.797243730059948697e-19
2.659982394777128597e-19
2.503192535070625477e-19
2.327952367909817273e-19
2.135479246756724863e-19
1.927121634236300508e-19
1.704350058753070383e-19
1.468747111940655477e-19
1.221996551433261914e-19
9.658715806713522500e-20
7.022223842363458079e-20
4.329630034998711159e-20
1.600576431150043416e-20
-1.144934959778343953e-20
-3.886687568535386764e-20
-6.604398362197217863e-20
-9.277867562582923845e-20
-1.188712889261051521e-19
-1.441259924069567350e-19
-1.683522680870474328e-19
-1.913663698245259503e-19
-2.129927271270704193e-19
-2.330653028037026744e-19
-2.514288933754556010e-19
-2.679403585377509715e-19
-2.824697698122503732e-19
-2.949014690262264270e-19
-3.051350278320137136e-19
-3.130861001264369838e-19
-3.186871599469227713e-19
-3.218881182024524745e-19
-3.226568124388919468e-19
-3.209793647339685904e-19
-3.168604037612350826e-19
-3.103231480483692245e-19
-3.014093484761980462e-19
-2.901790891136761553e-19
-2.767104465530724684e-19
-2.610990089911291309e-19
-2.434572573875985198e-19
-2.239138121144741484e-19
-2.026125495787659346e-19
-1.797115943505576957e-19
-1.553821933481804181e-19
-1.298074796149235307e-19
-1.031811341591755160e-19
-7.570595521401149701e-20
-4.759234509545501177e-20
-1.905672559393481748e-20
9.680106486445330071e-21
3.839467142735220301e-20
6.686253360926830018e-20
9.486005029399425553e-20
1.221661287103726118e-19
1.485639777562668982e-19
1.738428405132496800e-19
1.977996937607631358e-19
2.202409007753668543e-19
2.409838039087519182e-19
2.598582457346671955e-19
2.767080067024391834e-19
2.913921295065101878e-19
3.037861400666191993e-19
3.137831507255970729e-19
3.212948328577367420e-19
3.262522498065722175e-19
3.286065420749120990e-19
3.283294577720568735e-19
3.254137224758313309e-19
3.198732438824472257e-19
3.117431478863705507e-19
3.010796440460964564e-19
2.879597197401070546e-19
2.724806636901546766e-19
2.547594209154397164e-19
2.349317825706366791e-19
2.131514155015329170e-19
1.895887377131529572e-19
1.644296472753672690e-19
1.378741134785720518e-19
1.101346402861072608e-19
8.143461329982636682e-20
5.200654254957854635e-20
2.209021442693533705e-20
-8.069233002326845316e-21
-3.822329626186858038e-20
-6.812213856128929044e-20
-9.751665140413056109e-20
-1.261605289341495146e-19
-1.538123379277247907e-19
-1.802375661582881554e-19
-2.052106318177926171e-19
-2.285168367833085637e-19
-2.499542467647882726e-19
-2.693354817639274301e-19
-2.864894008124183225e-19
-3.012626656389461492e-19
-3.135211687346619766e-19
-3.231513122418196779e-19
-3.300611259101740174e-19
-3.341812098747508007e-19
-3.354654884985734455e-19
-3.338917790438703383e-19
-3.294621635058547788e-19
-3.222031569410950751e-19
-3.121656685268921648e-19
-2.994247533074637466e-19
-2.840791543459381824e-19
-2.662506367939700345e-19
-2.460831171982927002e-19
-2.237415931705450005e-19
-1.994108803377671163e-19
-1.732941652500862977e-19
-1.456113846341095765e-19
-1.165974430290864286e-19
-8.650028241315325842e-20
-5.557881890370524046e-20
-2.410076298440940419e-20
7.659659041685066253e-21
3.942406356197808092e-20
7.091232835133717139e-20
1.018450508744312709e-19
1.319460249732703641e-19
1.609447142586824762e-19
1.885787002475209115e-19
2.145960832003751471e-19
2.387578137217793538e-19
2.608399334892588776e-19
2.806357039792912919e-19
2.979576027574035410e-19
3.126391677928834313e-19
3.245366713419252408e-19
3.335306062101513451e-19
3.395269686484452632e-19
3.424583237451053548e-19
3.422846409411156528e-19
3.389938892007475629e-19
3.326023834021396020e-19
3.231548756534130149e-19
3.107243842875307563e-19
2.954117541705320833e-19
2.773449690415685200e-19
2.566782080482161740e-19
2.335906501871884145e-19
2.082850352878093827e-19
1.809859916804926625e-19
1.519381429997341907e-19
1.214040088030537413e-19
8.966171582273416688e-20
5.700253868348890635e-20
2.372829079603712072e-20
-9.851412146740295096e-21
-4.342199210679620780e-20
-7.666682676613866438e-20
-1.092702192887228488e-19
-1.409203924488087562e-19
-1.713124791387944759e-19
-2.001514808654085304e-19
-2.271551657003317454e-19
-2.520568772770624141e-19
-2.746082268240659947e-19
-2.945816408967431191e-19
-3.117727384169705009e-19
-3.260025118452787912e-19
-3.371192887912039312e-19
-3.450004521032066685e-19
-3.495538984592797751e-19
-3.507192176891041834e-19
-3.484685774816380649e-19
-3.428073007493893147e-19
-3.337741257108775705e-19
-3.214411416924295291e-19
-3.059133967138082908e-19
-2.873281760820283791e-19
-2.658539544447060215e-19
-2.416890270185639646e-19
-2.150598289782952086e-19
-1.862189552339684587e-19
-1.554428959658456213e-19
-1.230294939057826309e-19
-8.929514919354537069e-20
-5.457184880565252439e-20
-1.920398807342014561e-20
1.645497509277492223e-20
5.204599821639838234e-20
8.720803137436009834e-20
1.215816587229314037e-19
1.548127684782546825e-19
1.865562144880152107e-19
2.164794319742036442e-19
2.442659698401602466e-19
2.696189021279814048e-19
2.922640817915748962e-19
3.119532009195041886e-19
3.284666228986544735e-19
3.416159537501546584e-19
3.512463219837070634e-19
3.572383387920242573e-19
3.595097132266811877e-19
3.580165001386304855e-19
3.527539621059050174e-19
3.437570302786685338e-19
3.311003530151342964e-19
3.148979253251508023e-19
2.953022964424556257e-19
2.725033572700735162e-19
2.467267139419909178e-19
2.182316582720713307e-19
1.873087503706301918e-19
1.542770331512372968e-19
1.194809027764499279e-19
8.328665732686913855e-20
4.607872380099716323e-20
8.255703073314839126e-21
-2.977378639263834829e-20
-6.759545148718285398e-20
-1.047937891678147596e-19
-1.409566260957530516e-19
-1.756796847653022135e-19
-2.085711264610997997e-19
-2.392560206595800382e-19
-2.673806903092287370e-19
-2.926168827950301694e-19
-3.146657173262389827e-19
-3.332613609875227432e-19
-3.481743877593302212e-19
-3.592147774365360183e-19
-3.662345145394479510e-19
-3.691297509979551155e-19
-3.678425005694445538e-19
-3.623618375908315367e-19
-3.527245777240398493e-19
-3.390154237867000121e-19
-3.213665655137475928e-19
-2.999567281142499643e-19
-2.750096707093343217e-19
-2.467921420955627483e-19
-2.156113077044234102e-19
-1.818116680495572258e-19
-1.457714952954686931e-19
-1.078988207676477465e-19
-6.862701217869322473e-20
-2.840998499167215616e-20
1.228290339134050074e-20
5.297226630279877257e-20
9.317427356885873121e-20
1.324062883535230708e-19
1.701926331105817048e-19
2.060703685373125720e-19
2.395950117158544439e-19
2.703461237929396666e-19
2.979326975456021994e-19
3.219982760118163732e-19
3.422257350452150268e-19
3.583416651872703321e-19
3.701202916333594465e-19
3.773868752858044066e-19
3.800205429106567590e-19
3.779565002095324480e-19
3.711875881350480602e-19
3.597651499608317769e-19
3.437991843962524932e-19
3.234577683341710234e-19
2.989657415499404525e-19
2.706026547362083576e-19
2.386999915577568465e-19
2.036376848337386491e-19
1.658399563868446646e-19
1.257705194199844662e-19
8.392719136973877482e-20
4.083597391806749292e-20
-2.955350069875078368e-21
-4.688409944938849874e-20
-9.037972418547772754e-20
-1.328710612973524463e-19
-1.737937802162047116e-19
-2.125978746829113373e-19
-2.487551041012568098e-19
-2.817662856759317546e-19
-3.111683380479996769e-19
-3.365409778069943198e-19
-3.575129722433130739e-19
-3.737678550269975482e-19
-3.850490161622771084e-19
-3.911640835562561244e-19
-3.919885208219241245e-19
-3.874683744587722700e-19
-3.776221132479294986e-19
-3.625415134742311920e-19
-3.423915553373921781e-19
-3.174093085136696805e-19
-2.879017981362234767e-19
-2.542428563197205386e-19
-2.168689785908506271e-19
-1.762742190177695735e-19
-1.330041722638814585e-19
-8.764910502188632750e-20
-4.083631310543664080e-20
6.778206814478118091e-21
5.451875008966489280e-20
1.016993706811666043e-19
1.476334269525164762e-19
1.916434624769341157e-19
2.330711871469681751e-19
2.712873946481948252e-19
3.057016707029688961e-19
3.357717450491861388e-19
3.610123407602568793e-19
3.810033773132384272e-19
3.953973888199025431e-19
4.039260260688305490e-19
4.064055204721517772e-19
4.027409996205673871e-19
3.929295578438899258e-19
3.770620008342935107e-19
3.553232008641154113e-19
3.279910182322729094e-19
2.954337650825030332e-19
2.581062093991567032e-19
2.165441395186414891e-19
1.713575325857336617e-19
1.232223936976142812e-19
7.287135566002138878e-20
2.108312238048426793e-20
-3.132931822559236487e-20
-8.353091523951745445e-20
-1.346773439897751047e-19
-1.839284191157845004e-19
-2.304617831360571008e-19
-2.734866566019676393e-19
-3.122574290308612493e-19
-3.460868642344179088e-19
-3.743586915075820148e-19
-3.965393556257669863e-19
-4.121887038717607145e-19
-4.209693974838036765e-19
-4.226548480297657627e-19
-4.171354962526817379e-19
-4.044232718174436783e-19
-3.846540969638681359e-19
-3.580883251128892735e-19
-3.251090366822543883e-19
-2.862181483752953550e-19
-2.420303285689397968e-19
-1.932647496353491519e-19
-1.407347475110611094e-19
-8.533549894577495139e-20
-2.802986571712114556e-20
3.016764228993218181e-20
8.820836291763867027e-20
1.450272985473078028e-19
1.995621147325403303e-19
2.507727458511160798e-19
2.976612035511137881e-19
3.392912311498034971e-19
3.748074337242453037e-19
4.034535063260741953e-19
4.245891820769277219e-19
4.377055282844475204e-19
4.424382324892864994e-19
4.385785417209994927e-19
4.260815472841698059e-19
4.050715440513020638e-19
3.758442372868532583e-19
3.388656210855087830e-19
2.947674100258729362e-19
2.443381771820193167e-19
1.885142646953046406e-19
1.283598082289232774e-19
6.505331819899033797e-20
-1.348656119479716518e-22
-6.586624906093492232e-20
-1.307603063158206565e-19
-1.934227380276505226e-19
-2.524744567940170891e-19
-3.065814442420069780e-19
-3.544849983460372440e-19
-3.950315640666920734e-19
-4.272014771137325826e-19
-4.501359354050148119e-19
-4.631615110757062819e-19
-4.658115294203265534e-19
-4.578436708672849066e-19
-4.392531986476442818e-19
-4.102812785472735459e-19
-3.714179172211310681e-19
-3.233983261323566335e-19
-2.671932957634410920e-19
-2.039952677778107347e-19
-1.351981873094306570e-19
-6.237155122766702444e-20
1.277102640455280410e-20
8.840830209644640564e-20
1.626523600628817608e-19
2.335933014203609983e-19
2.993467794947071133e-19
3.581033557886399225e-19
4.081785254313798803e-19
4.480621538079059849e-19
4.764659824560430263e-19
4.923678070904413211e-19
4.950509084293201243e-19
4.841373316571694713e-19
4.596136665913561125e-19
4.218476822372145376e-19
3.715929485931497225e-19
3.099850139824381070e-19
2.385278255780758903e-19
1.590685541425636247e-19
7.376085584620344792e-20
-1.498328844956616120e-20
-1.045526616710459971e-19
-1.922059497674788614e-19
-2.751496532184105359e-19
-3.506230822369231799e-19
-4.159883411435427104e-19
-4.688228213374275840e-19
-5.070121120506583744e-19
-5.288374954705482859e-19
-5.330519008758930855e-19
-5.189506038900912509e-19
-4.864301145057589146e-19
-4.360311520079667203e-19
-3.689624845077380434e-19
-2.871026877921958175e-19
-1.929773170156436863e-19
-8.970959775554456387e-20
1.905650414975779337e-20
1.292663966925798380e-19
2.365900357525224749e-19
3.365618707551454222e-19
4.247492099497370239e-19
4.969389004821927973e-19
5.493353816799171848e-19
5.787629528795721607e-19
5.828636011399497764e-19
5.602803680530133086e-19
5.108112814732328453e-19
4.355131096280478801e-19
3.367721107530643851e-19
2.183270112254686175e-19
8.522582664649796507e-20
-5.629339049182676315e-20
-1.990056686601555573e-19
-3.349911735549936974e-19
-4.560328211953738697e-19
-5.540501752331461474e-19
-6.215678433455485307e-19
-6.522672330719810633e-19
-6.415689397838534958e-19
-5.872069899018888065e-19
-4.897352522458509934e-19
-3.528626235294583709e-19
-1.836890176052912927e-19
7.237864102025249311e-21
2.061636719232131291e-19
3.967398977457273286e-19
5.611087381784701194e-19
6.812590879422129176e-19
7.407339126373585973e-19
7.268135900218349017e-19
6.328530595766886330e-19
4.605046280127310860e-19
2.217328971249558745e-19
-6.019513194908394437e-20
-3.510086001315066090e-19
-6.076744272618638915e-19
-7.834588346730801595e-19
-8.355076110225203240e-19
-7.351537565477114251e-19
-4.796148748889255465e-19
-1.032632710808681361e-19
3.160367824014088848e-19
6.667959328683394998e-19
8.348900330385740521e-19
7.463662412279003816e-19
4.127564557216948792e-19
-5.257114411229533164e-20
-4.687646126614369771e-19
-6.663482250284061203e-19
-5.718629252412247974e-19
-2.480361576332715162e-19
1.381238727035667135e-19
4.032061173365076459e-19
4.406295755413227240e-19
2.668487208583919686e-19
-1.256842054140610371e-21
-2.185483547727510925e-19
-2.886926351299599466e-19
-2.046782651639977812e-19
-3.712050785990520172e-20
1.150276094215891289e-19
1.794051604935841408e-19
1.415614244294929456e-19
4.100999300785458821e-20
-5.925744317505385392e-20
-1.091317735505586750e-19
-9.399837739451020632e-20
-3.488109209535095682e-20
2.942480669901387848e-20
6.553357353332423752e-20
6.116180644798606074e-20
2.694582226421862293e-20
-1.367120023391770193e-20
-3.890988626185283185e-20
-3.927877010859446266e-20
-1.979316487490050999e-20
5.579793476925476981e-21
2.282821297960979921e-20
2.496452958938564070e-20
1.407703543779348060e-20
-1.621427432793182799e-21
-1.321374271973049108e-20
-1.571927407670150693e-20
-9.779302452002006081e-21
-1.564095078266572420e-22
7.528760965110016371e-21
9.809632319562208653e-21
6.669303131558198269e-21
8.262827712398807944e-22
-4.208612930492658566e-21
-6.067506414621032644e-21
-4.479219116189902258e-21
-9.665581289112918003e-22
2.297030465735492824e-21
3.719098043449336856e-21
2.968937890426231599e-21
8.798235507310125000e-22
-1.214846229799487041e-21
-2.258315283576431136e-21
-1.945038946427436670e-21
-7.172287618401565191e-22
6.147061644630162746e-22
1.357724045479738858e-21
1.260807612598877623e-21
5.488261203023475041e-22
-2.905195998731752973e-22
-8.075538783944123278e-22
-8.092686189392662961e-22
-4.027976814380385558e-22
1.214747475429998881e-22
4.746562793650699120e-22
5.146194054397845685e-22
2.868676558788935122e-22
-3.771839825274466990e-23
-2.752713512053028360e-22
-3.243176528422049796e-22
-1.996469655190961448e-22
-4.931383753845828946e-25
1.571715381885023249e-22
2.025878966127880919e-22
1.363930513779433661e-22
1.533645387458855783e-23
-8.807842838632204496e-23
-1.254334890380240842e-22
-9.174833558689592748e-23
-1.888667220133293103e-23
-0.000000000000000000e+00
-0.000000000000000000e+00
-0.000000000000000000e+00
-0.000000000000000000e+00
-0.000000000000000000e+00
-0.000000000000000000e+00
-0.000000000000000000e+00
-0.000000000000000000e+00
-0.000000000000000000e+00
-0.000000000000000000e+00
-0.000000000000000000e+00
-0.000000000000000000e+00
-0.000000000000000000e+00
-0.000000000000000000e+00
-0.000000000000000000e+00
-0.000000000000000000e+00
-0.000000000000000000e+00
-0.000000000000000000e+00
-0.000000000000000000e+00
-0.000000000000000000e+00
-0.000000000000000000e+00
-0.000000000000000000e+00
-0.000000000000000000e+00
-0.000000000000000000e+00
-0.000000000000000000e+00
-0.000000000000000000e+00
-0.000000000000000000e+00
-0.000000000000000000e+00
-0.000000000000000000e+00
-0.000000000000000000e+00
-0.000000000000000000e+00
-0.000000000000000000e+00
-0.000000000000000000e+00
-0.000000000000000000e+00
-0.000000000000000000e+00
-0.000000000000000000e+00
-0.000000000000000000e+00
-0.000000000000000000e+00
-0.000000000000000000e+00
-0.000000000000000000e+00
-0.000000000000000000e+00
-0.000000000000000000e+00
-0.000000000000000000e+00
-0.000000000000000000e+00
-0.000000000000000000e+00
-0.000000000000000000e+00
-0.000000000000000000e+00
-0.000000000000000000e+00
-0.000000000000000000e+00
-0.000000000000000000e+00
-0.000000000000000000e+00
-0.000000000000000000e+00
-0.000000000000000000e+00
-0.000000000000000000e+00
-0.000000000000000000e+00
-0.000000000000000000e+00
-0.000000000000000000e+00
-0.000000000000000000e+00
-0.000000000000000000e+00
-0.000000000000000000e+00
-0.000000000000000000e+00
-0.000000000000000000e+00
-0.000000000000000000e+00
-0.000000000000000000e+00
-0.000000000000000000e+00
-0.000000000000000000e+00
-0.000000000000000000e+00
-0.000000000000000000e+00
-0.000000000000000000e+00
-0.000000000000000000e+00
-0.000000000000000000e+00
-0.000000000000000000e+00
-0.000000000000000000e+00
-0.000000000000000000e+00
-0.000000000000000000e+00
-0.000000000000000000e+00
-0.000000000000000000e+00
-0.000000000000000000e+00
-0.000000000000000000e+00
-0.000000000000000000e+00
-0.000000000000000000e+00
-0.000000000000000000e+00
-0.000000000000000000e+00
-0.000000000000000000e+00
-0.000000000000000000e+00
-0.000000000000000000e+00
-0.000000000000000000e+00
-0.000000000000000000e+00
-0.000000000000000000e+00
-0.000000000000000000e+00
-0.000000000000000000e+00
-0.000000000000000000e+00
-0.000000000000000000e+00
-0.000000000000000000e+00
-0.000000000000000000e+00
-0.000000000000000000e+00
-0.000000000000000000e+00
-0.000000000000000000e+00
-0.000000000000000000e+00
-0.000000000000000000e+00
-0.000000000000000000e+00
-0.000000000000000000e+00
-0.000000000000000000e+00
-0.000000000000000000e+00
-0.000000000000000000e+00
-0.000000000000000000e+00
-0.000000000000000000e+00
-0.000000000000000000e+00
-0.000000000000000000e+00
-0.000000000000000000e+00
-0.000000000000000000e+00
-0.000000000000000000e+00
-0.000000000000000000e+00
-0.000000000000000000e+00
-0.000000000000000000e+00
-0.000000000000000000e+00
-0.000000000000000000e+00
-0.000000000000000000e+00
-0.000000000000000000e+00
-0.000000000000000000e+00
-0.000000000000000000e+00
-0.000000000000000000e+00
-0.000000000000000000e+00
-0.000000000000000000e+00
-0.000000000000000000e+00
-0.000000000000000000e+00
-0.000000000000000000e+00
-0.000000000000000000e+00
-0.000000000000000000e+00
-0.000000000000000000e+00
-0.000000000000000000e+00
-0.000000000000000000e+00
-0.000000000000000000e+00
-0.000000000000000000e+00
-0.000000000000000000e+00
-0.000000000000000000e+00
-0.000000000000000000e+00
-0.000000000000000000e+00
-0.000000000000000000e+00
-0.000000000000000000e+00
-0.000000000000000000e+00
-0.000000000000000000e+00
-0.000000000000000000e+00
-0.000000000000000000e+00
-0.000000000000000000e+00
-0.000000000000000000e+00
-0.000000000000000000e+00
-0.000000000000000000e+00
-0.000000000000000000e+00
-0.000000000000000000e+00
-0.000000000000000000e+00
-0.000000000000000000e+00
-0.000000000000000000e+00
-0.000000000000000000e+00
-0.000000000000000000e+00
-0.000000000000000000e+00
-0.000000000000000000e+00
-0.000000000000000000e+00
-0.000000000000000000e+00
-0.000000000000000000e+00
-0.000000000000000000e+00
-0.000000000000000000e+00
-0.000000000000000000e+00
-0.000000000000000000e+00
-0.000000000000000000e+00
-0.000000000000000000e+00
-0.000000000000000000e+00
-0.000000000000000000e+00
-0.000000000000000000e+00
-0.000000000000000000e+00
-0.000000000000000000e+00
-0.000000000000000000e+00
-0.000000000000000000e+00
-0.000000000000000000e+00
-0.000000000000000000e+00
-0.000000000000000000e+00
-0.000000000000000000e+00
-0.000000000000000000e+00
-0.000000000000000000e+00
-0.000000000000000000e+00
-0.000000000000000000e+00
-0.000000000000000000e+00
-0.000000000000000000e+00
-0.000000000000000000e+00
-0.000000000000000000e+00
-0.000000000000000000e+00
-0.000000000000000000e+00
-0.000000000000000000e+00
-0.000000000000000000e+00
-0.000000000000000000e+00
-0.000000000000000000e+00
-0.000000000000000000e+00
-0.000000000000000000e+00
-0.000000000000000000e+00
-0.000000000000000000e+00
-0.000000000000000000e+00
-0.000000000000000000e+00
-0.000000000000000000e+00
