3.196387705999848805e+01
3.419951189570502237e+01
3.550804225748507292e+01
3.613406659426039624e+01
3.610973091493775655e+01
3.528067645614153491e+01
3.346474841643552622e+01
3.059298529987774273e+01
2.672179350765618722e+01
2.193300948471092937e+01
1.624463296182289440e+01
9.648376721316269666e+00
2.273462783355423511e+00
-5.454989362706371914e+00
-1.282619710482578235e+01
-1.907922314895548865e+01
-2.374810962805477743e+01
-2.689515604183489828e+01
-2.906156619069280822e+01
-3.094637132066132423e+01
-3.300956077063131744e+01
-3.524765639899499092e+01
-3.726831043335603511e+01
-3.858223190586532780e+01
-3.888813272230056128e+01
-3.815241930932960912e+01
-3.645619688033734462e+01
-3.376517234190706063e+01
-2.983346517719168034e+01
-2.433998010797417422e+01
-1.716526944942319588e+01
-8.597183196647508296e+00
7.015881328227914215e-01
9.956270144331677230e+00
1.859565275452568756e+01
2.640846883134248557e+01
3.345242638368710431e+01
3.981131245163983579e+01
4.539571408335294223e+01
4.992619281813111343e+01
5.307709469819948822e+01
5.462919516491250960e+01
5.448640775278942527e+01
5.254684104811887835e+01
4.856468727736528024e+01
4.216815867552259789e+01
3.307800203942382922e+01
2.139579436563165160e+01
7.748659794596902906e+00
-6.835028710367346605e+00
-2.124700361916661606e+01
-3.459541951878377120e+01
-4.627776714022837012e+01
-5.581841936287275985e+01
-6.265941331891506394e+01
-6.613816339512341358e+01
-6.572579229509261722e+01
-6.135647808345684240e+01
-5.355630713974167634e+01
-4.320143972796223863e+01
-3.102772103209091270e+01
-1.725151070001792419e+01
-1.636585858199823607e+00
1.596135659315570798e+01
3.491360996451149390e+01
5.349529030788723105e+01
6.920652879795252943e+01
7.958427175011060228e+01
8.300080788052217429e+01
7.895928370840937305e+01
6.778074369484163242e+01
5.004599454206897491e+01
2.633977228270197202e+01
-2.418256788004554458e+00
-3.429194685619433614e+01
-6.589916863382734391e+01
-9.273287773712135618e+01
-1.102056628440978869e+02
-1.148483922004134286e+02
-1.049903167549755807e+02
-8.070893552493507173e+01
-4.350737809194878736e+01
3.544127233280092160e+00
5.493772464299060942e+01
1.018408840948647622e+02
1.326139955201267355e+02
1.358223093137105479e+02
1.053380074729792710e+02
4.526587999563608378e+01
-2.848554980724259522e+01
-9.215713063843742248e+01
-1.230270206064047187e+02
-1.095579732136603042e+02
-5.764368442655133151e+01
1.087082311400322432e+01
6.745947379559567025e+01
8.981374684149734833e+01
7.196221251781102524e+01
2.639707599120175274e+01
-2.287500136393461858e+01
-5.262878432832031450e+01
-5.156109564600659922e+01
-2.460510382953933828e+01
1.134419263951303947e+01
3.736171183036051247e+01
4.234220236327607978e+01
2.757836162406089286e+01
4.241375724211343901e+00
-1.400544194971357292e+01
-1.863548972304159435e+01
-9.962380292259229719e+00
4.518220676763103683e+00
1.540883940251056217e+01
1.682603010625177120e+01
8.951708089858909645e+00
-3.170281106839929031e+00
-1.322284212195136277e+01
-1.714558631705643421e+01
-1.468889709250031217e+01
-8.595602149703204020e+00
-2.437133656053704023e+00
1.364354194098049256e+00
2.307353186783766219e+00
1.334283701527759991e+00
-2.024801503615030751e-01
-1.345511999401012293e+00
-1.746876126856068856e+00
-1.446738698119299338e+00
-5.981047695238557171e-01
6.153864801788090366e-01
1.907184875127776680e+00
2.859835999058734313e+00
3.063648851097299008e+00
2.343413164759549083e+00
8.752443205533816384e-01
-9.297149927555461435e-01
-2.699344530355089145e+00
-4.314088948447684757e+00
-5.883656648393744248e+00
-7.506153108227755943e+00
-9.015745440058593019e+00
-9.946279693994513948e+00
-9.772509654148532121e+00
